digraph {
	665707
	534126
	665707 -> 534126
	335315
	534126 -> 335315
	146853
	335315 -> 146853
	82420
	146853 -> 82420
	79430
	82420 -> 79430
	11474
	79430 -> 11474
	3750
	11474 -> 3750
	1868
	3750 -> 1868
	102
	1868 -> 102
	424
	102 -> 424
	240
	424 -> 240
	623
	424 -> 623
	3469
	1868 -> 3469
	2125
	3469 -> 2125
	1927
	2125 -> 1927
	2117
	1927 -> 2117
	3007
	2125 -> 3007
	3668
	3469 -> 3668
	9445
	3750 -> 9445
	4899
	9445 -> 4899
	4421
	4899 -> 4421
	3751
	4421 -> 3751
	6599
	4899 -> 6599
	6342
	6599 -> 6342
	5032
	6342 -> 5032
	5104
	5032 -> 5104
	5296
	5104 -> 5296
	5218
	5296 -> 5218
	6426
	6342 -> 6426
	8444
	6599 -> 8444
	8422
	8444 -> 8422
	8070
	8422 -> 8070
	6858
	8070 -> 6858
	6784
	6858 -> 6784
	7724
	6858 -> 7724
	7087
	7724 -> 7087
	8234
	8070 -> 8234
	8271
	8234 -> 8271
	8839
	8444 -> 8839
	8566
	8839 -> 8566
	8824
	8566 -> 8824
	8641
	8824 -> 8641
	10186
	9445 -> 10186
	10063
	10186 -> 10063
	10688
	10186 -> 10688
	10319
	10688 -> 10319
	10234
	10319 -> 10234
	11422
	10688 -> 11422
	32248
	11474 -> 32248
	28017
	32248 -> 28017
	25420
	28017 -> 25420
	22207
	25420 -> 22207
	14288
	22207 -> 14288
	12409
	14288 -> 12409
	11857
	12409 -> 11857
	11590
	11857 -> 11590
	14056
	12409 -> 14056
	13885
	14056 -> 13885
	13080
	13885 -> 13080
	12991
	13080 -> 12991
	15220
	14288 -> 15220
	14834
	15220 -> 14834
	14345
	14834 -> 14345
	14303
	14345 -> 14303
	14875
	14834 -> 14875
	14867
	14875 -> 14867
	20108
	15220 -> 20108
	18588
	20108 -> 18588
	17547
	18588 -> 17547
	17033
	17547 -> 17033
	15270
	17033 -> 15270
	16773
	15270 -> 16773
	17514
	17033 -> 17514
	17544
	17514 -> 17544
	17573
	17547 -> 17573
	18009
	17573 -> 18009
	18143
	18009 -> 18143
	18423
	18143 -> 18423
	19156
	18588 -> 19156
	19137
	19156 -> 19137
	18919
	19137 -> 18919
	19460
	19156 -> 19460
	19374
	19460 -> 19374
	19293
	19374 -> 19293
	19194
	19293 -> 19194
	19432
	19374 -> 19432
	20092
	19460 -> 20092
	21054
	20108 -> 21054
	20837
	21054 -> 20837
	20827
	20837 -> 20827
	20839
	20837 -> 20839
	22030
	21054 -> 22030
	21470
	22030 -> 21470
	22982
	22207 -> 22982
	22356
	22982 -> 22356
	22379
	22356 -> 22379
	22447
	22379 -> 22447
	24689
	22982 -> 24689
	24261
	24689 -> 24261
	24015
	24261 -> 24015
	23230
	24015 -> 23230
	23108
	23230 -> 23108
	23061
	23108 -> 23061
	23400
	23230 -> 23400
	24030
	24015 -> 24030
	24026
	24030 -> 24026
	24545
	24261 -> 24545
	24415
	24545 -> 24415
	24714
	24689 -> 24714
	27504
	25420 -> 27504
	27436
	27504 -> 27436
	26543
	27436 -> 26543
	25988
	26543 -> 25988
	25745
	25988 -> 25745
	26701
	26543 -> 26701
	27698
	27504 -> 27698
	31631
	28017 -> 31631
	29033
	31631 -> 29033
	28453
	29033 -> 28453
	28737
	28453 -> 28737
	29798
	29033 -> 29798
	30229
	29798 -> 30229
	31579
	30229 -> 31579
	31040
	31579 -> 31040
	31181
	31040 -> 31181
	31667
	31631 -> 31667
	32107
	31667 -> 32107
	31816
	32107 -> 31816
	52771
	32248 -> 52771
	46655
	52771 -> 46655
	37908
	46655 -> 37908
	37045
	37908 -> 37045
	33960
	37045 -> 33960
	33206
	33960 -> 33206
	32707
	33206 -> 32707
	32567
	32707 -> 32567
	33088
	32707 -> 33088
	32858
	33088 -> 32858
	33135
	33088 -> 33135
	33709
	33206 -> 33709
	35741
	33960 -> 35741
	34219
	35741 -> 34219
	34909
	34219 -> 34909
	35316
	34909 -> 35316
	34981
	35316 -> 34981
	36908
	35741 -> 36908
	36113
	36908 -> 36113
	36380
	36113 -> 36380
	37349
	37045 -> 37349
	43545
	37908 -> 43545
	38806
	43545 -> 38806
	38446
	38806 -> 38446
	38431
	38446 -> 38431
	38008
	38431 -> 38008
	37943
	38008 -> 37943
	38699
	38446 -> 38699
	39281
	38806 -> 39281
	38822
	39281 -> 38822
	40080
	39281 -> 40080
	41161
	40080 -> 41161
	41743
	41161 -> 41743
	45411
	43545 -> 45411
	45286
	45411 -> 45286
	44760
	45286 -> 44760
	43600
	44760 -> 43600
	44506
	43600 -> 44506
	43821
	44506 -> 43821
	44724
	44506 -> 44724
	44939
	44760 -> 44939
	45515
	45411 -> 45515
	45486
	45515 -> 45486
	51679
	46655 -> 51679
	49545
	51679 -> 49545
	47596
	49545 -> 47596
	47886
	47596 -> 47886
	48492
	47886 -> 48492
	48874
	48492 -> 48874
	49965
	49545 -> 49965
	49601
	49965 -> 49601
	49776
	49601 -> 49776
	50490
	49965 -> 50490
	50312
	50490 -> 50312
	51068
	50490 -> 51068
	50499
	51068 -> 50499
	50828
	50499 -> 50828
	51400
	51068 -> 51400
	52039
	51679 -> 52039
	51706
	52039 -> 51706
	52352
	52039 -> 52352
	52054
	52352 -> 52054
	54738
	52771 -> 54738
	54349
	54738 -> 54349
	53092
	54349 -> 53092
	52885
	53092 -> 52885
	53184
	53092 -> 53184
	53394
	53184 -> 53394
	53222
	53394 -> 53222
	54081
	53394 -> 54081
	54575
	54349 -> 54575
	65323
	54738 -> 65323
	61726
	65323 -> 61726
	59449
	61726 -> 59449
	56754
	59449 -> 56754
	55147
	56754 -> 55147
	55511
	55147 -> 55511
	55311
	55511 -> 55311
	55968
	55511 -> 55968
	57035
	56754 -> 57035
	59415
	57035 -> 59415
	58859
	59415 -> 58859
	57818
	58859 -> 57818
	57565
	57818 -> 57565
	58668
	57818 -> 58668
	59246
	58859 -> 59246
	59161
	59246 -> 59161
	59852
	59449 -> 59852
	59783
	59852 -> 59783
	60518
	59852 -> 60518
	60325
	60518 -> 60325
	59944
	60325 -> 59944
	60574
	60518 -> 60574
	60674
	60574 -> 60674
	60647
	60674 -> 60647
	61151
	60674 -> 61151
	62195
	61726 -> 62195
	62144
	62195 -> 62144
	61944
	62144 -> 61944
	62991
	62195 -> 62991
	62760
	62991 -> 62760
	62700
	62760 -> 62700
	62887
	62760 -> 62887
	62761
	62887 -> 62761
	63443
	62991 -> 63443
	63259
	63443 -> 63259
	63405
	63259 -> 63405
	65319
	63443 -> 65319
	65175
	65319 -> 65175
	64871
	65175 -> 64871
	64155
	64871 -> 64155
	63498
	64155 -> 63498
	63683
	63498 -> 63683
	64146
	63683 -> 64146
	64067
	64146 -> 64067
	64336
	64155 -> 64336
	64938
	64871 -> 64938
	68028
	65323 -> 68028
	65941
	68028 -> 65941
	65524
	65941 -> 65524
	66046
	65941 -> 66046
	66604
	66046 -> 66604
	66992
	66604 -> 66992
	66647
	66992 -> 66647
	67779
	66992 -> 67779
	71431
	68028 -> 71431
	69954
	71431 -> 69954
	69714
	69954 -> 69714
	69363
	69714 -> 69363
	69657
	69363 -> 69657
	69996
	69954 -> 69996
	69972
	69996 -> 69972
	71029
	69996 -> 71029
	70527
	71029 -> 70527
	72511
	71431 -> 72511
	72330
	72511 -> 72330
	71989
	72330 -> 71989
	71647
	71989 -> 71647
	71665
	71647 -> 71665
	71809
	71665 -> 71809
	75314
	72511 -> 75314
	74146
	75314 -> 74146
	73085
	74146 -> 73085
	74908
	74146 -> 74908
	74171
	74908 -> 74171
	75121
	74908 -> 75121
	76142
	75314 -> 76142
	75601
	76142 -> 75601
	75475
	75601 -> 75475
	78750
	76142 -> 78750
	76519
	78750 -> 76519
	76171
	76519 -> 76171
	76719
	76519 -> 76719
	77588
	76719 -> 77588
	77026
	77588 -> 77026
	78078
	77588 -> 78078
	78824
	78750 -> 78824
	82242
	79430 -> 82242
	80724
	82242 -> 80724
	80508
	80724 -> 80508
	80169
	80508 -> 80169
	80256
	80169 -> 80256
	80437
	80256 -> 80437
	82218
	80724 -> 82218
	81518
	82218 -> 81518
	80957
	81518 -> 80957
	81936
	81518 -> 81936
	82005
	81936 -> 82005
	82235
	82218 -> 82235
	82376
	82242 -> 82376
	82385
	82376 -> 82385
	96742
	82420 -> 96742
	85898
	96742 -> 85898
	83626
	85898 -> 83626
	82982
	83626 -> 82982
	82605
	82982 -> 82605
	83167
	82982 -> 83167
	83410
	83167 -> 83410
	85649
	83626 -> 85649
	85223
	85649 -> 85223
	83843
	85223 -> 83843
	85120
	83843 -> 85120
	84384
	85120 -> 84384
	84360
	84384 -> 84360
	85195
	85120 -> 85195
	85538
	85223 -> 85538
	85704
	85649 -> 85704
	92210
	85898 -> 92210
	90911
	92210 -> 90911
	88478
	90911 -> 88478
	88280
	88478 -> 88280
	86570
	88280 -> 86570
	85913
	86570 -> 85913
	86476
	85913 -> 86476
	86031
	86476 -> 86031
	86240
	86031 -> 86240
	86519
	86476 -> 86519
	86724
	86570 -> 86724
	87784
	86724 -> 87784
	90662
	88478 -> 90662
	88983
	90662 -> 88983
	89053
	88983 -> 89053
	89769
	89053 -> 89769
	89578
	89769 -> 89578
	90403
	89769 -> 90403
	90753
	90662 -> 90753
	91168
	90911 -> 91168
	91257
	91168 -> 91257
	91956
	91257 -> 91956
	91300
	91956 -> 91300
	91651
	91300 -> 91651
	92053
	91956 -> 92053
	92063
	92053 -> 92063
	94886
	92210 -> 94886
	92805
	94886 -> 92805
	92289
	92805 -> 92289
	93881
	92805 -> 93881
	92872
	93881 -> 92872
	93958
	93881 -> 93958
	94318
	93958 -> 94318
	94308
	94318 -> 94308
	95301
	94886 -> 95301
	95088
	95301 -> 95088
	96594
	95301 -> 96594
	96042
	96594 -> 96042
	133690
	96742 -> 133690
	106538
	133690 -> 106538
	105025
	106538 -> 105025
	101249
	105025 -> 101249
	97143
	101249 -> 97143
	96951
	97143 -> 96951
	98524
	97143 -> 98524
	97692
	98524 -> 97692
	97512
	97692 -> 97512
	97448
	97512 -> 97448
	98320
	97692 -> 98320
	101204
	98524 -> 101204
	99655
	101204 -> 99655
	101097
	99655 -> 101097
	101493
	101249 -> 101493
	101348
	101493 -> 101348
	101501
	101493 -> 101501
	101968
	101501 -> 101968
	101731
	101968 -> 101731
	101992
	101968 -> 101992
	102637
	101992 -> 102637
	102566
	102637 -> 102566
	102454
	102566 -> 102454
	102085
	102454 -> 102085
	103299
	102637 -> 103299
	103090
	103299 -> 103090
	102843
	103090 -> 102843
	104879
	103299 -> 104879
	103554
	104879 -> 103554
	103493
	103554 -> 103493
	103329
	103493 -> 103329
	105719
	105025 -> 105719
	105318
	105719 -> 105318
	105441
	105318 -> 105441
	105550
	105441 -> 105550
	105948
	105719 -> 105948
	106010
	105948 -> 106010
	125172
	106538 -> 125172
	114157
	125172 -> 114157
	112119
	114157 -> 112119
	108617
	112119 -> 108617
	106837
	108617 -> 106837
	106745
	106837 -> 106745
	107540
	106837 -> 107540
	107157
	107540 -> 107157
	107005
	107157 -> 107005
	107092
	107005 -> 107092
	107107
	107092 -> 107107
	107415
	107157 -> 107415
	107419
	107415 -> 107419
	107709
	107540 -> 107709
	110567
	108617 -> 110567
	110440
	110567 -> 110440
	108776
	110440 -> 108776
	109990
	108776 -> 109990
	108919
	109990 -> 108919
	110304
	109990 -> 110304
	110496
	110440 -> 110496
	110487
	110496 -> 110487
	112103
	110567 -> 112103
	110809
	112103 -> 110809
	110656
	110809 -> 110656
	111860
	110809 -> 111860
	111616
	111860 -> 111616
	111312
	111616 -> 111312
	111421
	111312 -> 111421
	113685
	112119 -> 113685
	112860
	113685 -> 112860
	112650
	112860 -> 112650
	112373
	112650 -> 112373
	113370
	112860 -> 113370
	113605
	113370 -> 113605
	118299
	114157 -> 118299
	118031
	118299 -> 118031
	114640
	118031 -> 114640
	114263
	114640 -> 114263
	114546
	114263 -> 114546
	114508
	114546 -> 114508
	114986
	114640 -> 114986
	114662
	114986 -> 114662
	114913
	114662 -> 114913
	114664
	114913 -> 114664
	114836
	114664 -> 114836
	116923
	114986 -> 116923
	116360
	116923 -> 116360
	115996
	116360 -> 115996
	117574
	116923 -> 117574
	117066
	117574 -> 117066
	118096
	118031 -> 118096
	119184
	118299 -> 119184
	118473
	119184 -> 118473
	118505
	118473 -> 118505
	123909
	119184 -> 123909
	121876
	123909 -> 121876
	120814
	121876 -> 120814
	120396
	120814 -> 120396
	119499
	120396 -> 119499
	119375
	119499 -> 119375
	119311
	119375 -> 119311
	120368
	119499 -> 120368
	120274
	120368 -> 120274
	121614
	120814 -> 121614
	123443
	121876 -> 123443
	122614
	123443 -> 122614
	123059
	122614 -> 123059
	123588
	123443 -> 123588
	123577
	123588 -> 123577
	123551
	123577 -> 123551
	123678
	123588 -> 123678
	124963
	123909 -> 124963
	124738
	124963 -> 124738
	124217
	124738 -> 124217
	124966
	124963 -> 124966
	125164
	124966 -> 125164
	130631
	125172 -> 130631
	125428
	130631 -> 125428
	125227
	125428 -> 125227
	125204
	125227 -> 125204
	129807
	125428 -> 129807
	127983
	129807 -> 127983
	125664
	127983 -> 125664
	125631
	125664 -> 125631
	126803
	125664 -> 126803
	126551
	126803 -> 126551
	126896
	126803 -> 126896
	127071
	126896 -> 127071
	127158
	127071 -> 127158
	127212
	127158 -> 127212
	128174
	127983 -> 128174
	128833
	128174 -> 128833
	129553
	128833 -> 129553
	130601
	129807 -> 130601
	130442
	130601 -> 130442
	130139
	130442 -> 130139
	129876
	130139 -> 129876
	133348
	130631 -> 133348
	130787
	133348 -> 130787
	131322
	130787 -> 131322
	131032
	131322 -> 131032
	130915
	131032 -> 130915
	131046
	131032 -> 131046
	133134
	131322 -> 133134
	133573
	133348 -> 133573
	141186
	133690 -> 141186
	138373
	141186 -> 138373
	138273
	138373 -> 138273
	138220
	138273 -> 138220
	136971
	138220 -> 136971
	134964
	136971 -> 134964
	134529
	134964 -> 134529
	135726
	134964 -> 135726
	137740
	136971 -> 137740
	139629
	138373 -> 139629
	139611
	139629 -> 139611
	139124
	139611 -> 139124
	138497
	139124 -> 138497
	139057
	138497 -> 139057
	139312
	139124 -> 139312
	140795
	139629 -> 140795
	141596
	141186 -> 141596
	143663
	141596 -> 143663
	143041
	143663 -> 143041
	142830
	143041 -> 142830
	142603
	142830 -> 142603
	143295
	143041 -> 143295
	145758
	143663 -> 145758
	143726
	145758 -> 143726
	144946
	143726 -> 144946
	144468
	144946 -> 144468
	144254
	144468 -> 144254
	143885
	144254 -> 143885
	144374
	144254 -> 144374
	146555
	145758 -> 146555
	145923
	146555 -> 145923
	145975
	145923 -> 145975
	146246
	145975 -> 146246
	316336
	146853 -> 316336
	203311
	316336 -> 203311
	150047
	203311 -> 150047
	147578
	150047 -> 147578
	147348
	147578 -> 147348
	147075
	147348 -> 147075
	147394
	147348 -> 147394
	148337
	147578 -> 148337
	148093
	148337 -> 148093
	148037
	148093 -> 148037
	149048
	148337 -> 149048
	148848
	149048 -> 148848
	196691
	150047 -> 196691
	159504
	196691 -> 159504
	157794
	159504 -> 157794
	155928
	157794 -> 155928
	150261
	155928 -> 150261
	150513
	150261 -> 150513
	150412
	150513 -> 150412
	153445
	150513 -> 153445
	150554
	153445 -> 150554
	150523
	150554 -> 150523
	152902
	150554 -> 152902
	151858
	152902 -> 151858
	151307
	151858 -> 151307
	151205
	151307 -> 151205
	151390
	151307 -> 151390
	152359
	151858 -> 152359
	154191
	153445 -> 154191
	153696
	154191 -> 153696
	155188
	154191 -> 155188
	154426
	155188 -> 154426
	154849
	154426 -> 154849
	154763
	154849 -> 154763
	155908
	155188 -> 155908
	155579
	155908 -> 155579
	157524
	155928 -> 157524
	156974
	157524 -> 156974
	156152
	156974 -> 156152
	156072
	156152 -> 156072
	156157
	156152 -> 156157
	156238
	156157 -> 156238
	157605
	157524 -> 157605
	158535
	157794 -> 158535
	159270
	158535 -> 159270
	183597
	159504 -> 183597
	162142
	183597 -> 162142
	159769
	162142 -> 159769
	161436
	159769 -> 161436
	160807
	161436 -> 160807
	159785
	160807 -> 159785
	161292
	160807 -> 161292
	173697
	162142 -> 173697
	167735
	173697 -> 167735
	166907
	167735 -> 166907
	164293
	166907 -> 164293
	162787
	164293 -> 162787
	162390
	162787 -> 162390
	163139
	162787 -> 163139
	162979
	163139 -> 162979
	164115
	163139 -> 164115
	163618
	164115 -> 163618
	164499
	164293 -> 164499
	166610
	164499 -> 166610
	166031
	166610 -> 166031
	165539
	166031 -> 165539
	165680
	165539 -> 165680
	166219
	166031 -> 166219
	166230
	166219 -> 166230
	166327
	166230 -> 166327
	166895
	166610 -> 166895
	166763
	166895 -> 166763
	167244
	166907 -> 167244
	169124
	167735 -> 169124
	167970
	169124 -> 167970
	168983
	167970 -> 168983
	171885
	169124 -> 171885
	170914
	171885 -> 170914
	169322
	170914 -> 169322
	169197
	169322 -> 169197
	169389
	169322 -> 169389
	169550
	169389 -> 169550
	170620
	169550 -> 170620
	169762
	170620 -> 169762
	170416
	169762 -> 170416
	170639
	170620 -> 170639
	170856
	170639 -> 170856
	170988
	170914 -> 170988
	172395
	171885 -> 172395
	171920
	172395 -> 171920
	172021
	171920 -> 172021
	173578
	172395 -> 173578
	173074
	173578 -> 173074
	176980
	173697 -> 176980
	175646
	176980 -> 175646
	174545
	175646 -> 174545
	173865
	174545 -> 173865
	175559
	174545 -> 175559
	175284
	175559 -> 175284
	174559
	175284 -> 174559
	176442
	175646 -> 176442
	176056
	176442 -> 176056
	176665
	176442 -> 176665
	182273
	176980 -> 182273
	181440
	182273 -> 181440
	179209
	181440 -> 179209
	177109
	179209 -> 177109
	177050
	177109 -> 177050
	178911
	177109 -> 178911
	178379
	178911 -> 178379
	177204
	178379 -> 177204
	178086
	177204 -> 178086
	177521
	178086 -> 177521
	179015
	178911 -> 179015
	179341
	179209 -> 179341
	179290
	179341 -> 179290
	179958
	179341 -> 179958
	179764
	179958 -> 179764
	179758
	179764 -> 179758
	179949
	179764 -> 179949
	181489
	181440 -> 181489
	182167
	181489 -> 182167
	182819
	182273 -> 182819
	182407
	182819 -> 182407
	182699
	182407 -> 182699
	183264
	182819 -> 183264
	182987
	183264 -> 182987
	187375
	183597 -> 187375
	186971
	187375 -> 186971
	186478
	186971 -> 186478
	186214
	186478 -> 186214
	183640
	186214 -> 183640
	186174
	183640 -> 186174
	184450
	186174 -> 184450
	183693
	184450 -> 183693
	185912
	184450 -> 185912
	185264
	185912 -> 185264
	184789
	185264 -> 184789
	185426
	185264 -> 185426
	187010
	186971 -> 187010
	190119
	187375 -> 190119
	188265
	190119 -> 188265
	189613
	188265 -> 189613
	188302
	189613 -> 188302
	188519
	188302 -> 188519
	188692
	188519 -> 188692
	188535
	188692 -> 188535
	189262
	188692 -> 189262
	188984
	189262 -> 188984
	188754
	188984 -> 188754
	188830
	188754 -> 188830
	189345
	189262 -> 189345
	193597
	190119 -> 193597
	193439
	193597 -> 193439
	190330
	193439 -> 190330
	190219
	190330 -> 190219
	191275
	190330 -> 191275
	190699
	191275 -> 190699
	190712
	190699 -> 190712
	192748
	191275 -> 192748
	192092
	192748 -> 192092
	191989
	192092 -> 191989
	191446
	191989 -> 191446
	191820
	191446 -> 191820
	192233
	192092 -> 192233
	192734
	192233 -> 192734
	192874
	192748 -> 192874
	193274
	192874 -> 193274
	193472
	193439 -> 193472
	195744
	193597 -> 195744
	194598
	195744 -> 194598
	196418
	195744 -> 196418
	199173
	196691 -> 199173
	198233
	199173 -> 198233
	198176
	198233 -> 198176
	198088
	198176 -> 198088
	197512
	198088 -> 197512
	198263
	198233 -> 198263
	198973
	198263 -> 198973
	202303
	199173 -> 202303
	201787
	202303 -> 201787
	201185
	201787 -> 201185
	200848
	201185 -> 200848
	199885
	200848 -> 199885
	200434
	199885 -> 200434
	200258
	200434 -> 200258
	201151
	200848 -> 201151
	201408
	201185 -> 201408
	203101
	202303 -> 203101
	202598
	203101 -> 202598
	277488
	203311 -> 277488
	238933
	277488 -> 238933
	221376
	238933 -> 221376
	210601
	221376 -> 210601
	207898
	210601 -> 207898
	205370
	207898 -> 205370
	204602
	205370 -> 204602
	203918
	204602 -> 203918
	203893
	203918 -> 203893
	203434
	203893 -> 203434
	203433
	203434 -> 203433
	203982
	203918 -> 203982
	204372
	203982 -> 204372
	205369
	204602 -> 205369
	204883
	205369 -> 204883
	206123
	205370 -> 206123
	206086
	206123 -> 206086
	207785
	206123 -> 207785
	207853
	207785 -> 207853
	208589
	207898 -> 208589
	209061
	208589 -> 209061
	209011
	209061 -> 209011
	208930
	209011 -> 208930
	209568
	209061 -> 209568
	209398
	209568 -> 209398
	211278
	210601 -> 211278
	212560
	211278 -> 212560
	212066
	212560 -> 212066
	211477
	212066 -> 211477
	211680
	211477 -> 211680
	212088
	212066 -> 212088
	212126
	212088 -> 212126
	212484
	212126 -> 212484
	212735
	212560 -> 212735
	219017
	212735 -> 219017
	214474
	219017 -> 214474
	214095
	214474 -> 214095
	213976
	214095 -> 213976
	213019
	213976 -> 213019
	213433
	213019 -> 213433
	213768
	213433 -> 213768
	214257
	214095 -> 214257
	215891
	214474 -> 215891
	215375
	215891 -> 215375
	215125
	215375 -> 215125
	214551
	215125 -> 214551
	215426
	215375 -> 215426
	215771
	215426 -> 215771
	217107
	215891 -> 217107
	215968
	217107 -> 215968
	216978
	215968 -> 216978
	216304
	216978 -> 216304
	216943
	216304 -> 216943
	216672
	216943 -> 216672
	217123
	217107 -> 217123
	217941
	217123 -> 217941
	218038
	217941 -> 218038
	218323
	218038 -> 218323
	219197
	219017 -> 219197
	219051
	219197 -> 219051
	220653
	219197 -> 220653
	220955
	220653 -> 220955
	230505
	221376 -> 230505
	229505
	230505 -> 229505
	226808
	229505 -> 226808
	225773
	226808 -> 225773
	224657
	225773 -> 224657
	224240
	224657 -> 224240
	222074
	224240 -> 222074
	221458
	222074 -> 221458
	221483
	221458 -> 221483
	221931
	221483 -> 221931
	221726
	221931 -> 221726
	222001
	221931 -> 222001
	222968
	222074 -> 222968
	223163
	222968 -> 223163
	224610
	224240 -> 224610
	224575
	224610 -> 224575
	225028
	224657 -> 225028
	224769
	225028 -> 224769
	224676
	224769 -> 224676
	225055
	225028 -> 225055
	225587
	225055 -> 225587
	226168
	225773 -> 226168
	225897
	226168 -> 225897
	226532
	226168 -> 226532
	226437
	226532 -> 226437
	226803
	226532 -> 226803
	227660
	226808 -> 227660
	227227
	227660 -> 227227
	228956
	227660 -> 228956
	228685
	228956 -> 228685
	229482
	228956 -> 229482
	230018
	229505 -> 230018
	229955
	230018 -> 229955
	230499
	230018 -> 230499
	237761
	230505 -> 237761
	232524
	237761 -> 232524
	231343
	232524 -> 231343
	231251
	231343 -> 231251
	230532
	231251 -> 230532
	231332
	231251 -> 231332
	231422
	231343 -> 231422
	231379
	231422 -> 231379
	231566
	231422 -> 231566
	233423
	232524 -> 233423
	233099
	233423 -> 233099
	232807
	233099 -> 232807
	233047
	232807 -> 233047
	233124
	233099 -> 233124
	233122
	233124 -> 233122
	233129
	233124 -> 233129
	234049
	233423 -> 234049
	233727
	234049 -> 233727
	234031
	233727 -> 234031
	236066
	234049 -> 236066
	235781
	236066 -> 235781
	235078
	235781 -> 235078
	234170
	235078 -> 234170
	234175
	234170 -> 234175
	234729
	234175 -> 234729
	235037
	234729 -> 235037
	235547
	235078 -> 235547
	235789
	235781 -> 235789
	236579
	236066 -> 236579
	236161
	236579 -> 236161
	236086
	236161 -> 236086
	236865
	236579 -> 236865
	236976
	236865 -> 236976
	237026
	236976 -> 237026
	238630
	237761 -> 238630
	238131
	238630 -> 238131
	238097
	238131 -> 238097
	237944
	238097 -> 237944
	238123
	238097 -> 238123
	238311
	238131 -> 238311
	267958
	238933 -> 267958
	254122
	267958 -> 254122
	244511
	254122 -> 244511
	241655
	244511 -> 241655
	239498
	241655 -> 239498
	239368
	239498 -> 239368
	238964
	239368 -> 238964
	239213
	238964 -> 239213
	241645
	239498 -> 241645
	239865
	241645 -> 239865
	239756
	239865 -> 239756
	241115
	239865 -> 241115
	239902
	241115 -> 239902
	242895
	241655 -> 242895
	242823
	242895 -> 242823
	241935
	242823 -> 241935
	242482
	241935 -> 242482
	242413
	242482 -> 242413
	242472
	242413 -> 242472
	242608
	242482 -> 242608
	243066
	242895 -> 243066
	243147
	243066 -> 243147
	249150
	244511 -> 249150
	244855
	249150 -> 244855
	244783
	244855 -> 244783
	244842
	244783 -> 244842
	246584
	244855 -> 246584
	245598
	246584 -> 245598
	245055
	245598 -> 245055
	245504
	245055 -> 245504
	245127
	245504 -> 245127
	246011
	245598 -> 246011
	246056
	246011 -> 246056
	247022
	246584 -> 247022
	246774
	247022 -> 246774
	247698
	247022 -> 247698
	247488
	247698 -> 247488
	247203
	247488 -> 247203
	247926
	247698 -> 247926
	248525
	247926 -> 248525
	248596
	248525 -> 248596
	252675
	249150 -> 252675
	249288
	252675 -> 249288
	250288
	249288 -> 250288
	249572
	250288 -> 249572
	249549
	249572 -> 249549
	249376
	249549 -> 249376
	249407
	249376 -> 249407
	249676
	249572 -> 249676
	250264
	249676 -> 250264
	249799
	250264 -> 249799
	250284
	250264 -> 250284
	250325
	250288 -> 250325
	251098
	250325 -> 251098
	250781
	251098 -> 250781
	250718
	250781 -> 250718
	250902
	250781 -> 250902
	251021
	250902 -> 251021
	251167
	251098 -> 251167
	251380
	251167 -> 251380
	254082
	252675 -> 254082
	253112
	254082 -> 253112
	254096
	254082 -> 254096
	263599
	254122 -> 263599
	257321
	263599 -> 257321
	256614
	257321 -> 256614
	254695
	256614 -> 254695
	254506
	254695 -> 254506
	255924
	254695 -> 255924
	255550
	255924 -> 255550
	254821
	255550 -> 254821
	254768
	254821 -> 254768
	255533
	254821 -> 255533
	255803
	255550 -> 255803
	255700
	255803 -> 255700
	256137
	255924 -> 256137
	256685
	256614 -> 256685
	260755
	257321 -> 260755
	258430
	260755 -> 258430
	257619
	258430 -> 257619
	257528
	257619 -> 257528
	257585
	257528 -> 257585
	258207
	257619 -> 258207
	259881
	258430 -> 259881
	259182
	259881 -> 259182
	258774
	259182 -> 258774
	259631
	259182 -> 259631
	259542
	259631 -> 259542
	259959
	259881 -> 259959
	259976
	259959 -> 259976
	260873
	260755 -> 260873
	261244
	260873 -> 261244
	261105
	261244 -> 261105
	261157
	261105 -> 261157
	261230
	261157 -> 261230
	262342
	261244 -> 262342
	261846
	262342 -> 261846
	262478
	262342 -> 262478
	263400
	262478 -> 263400
	262818
	263400 -> 262818
	267080
	263599 -> 267080
	266192
	267080 -> 266192
	264177
	266192 -> 264177
	264307
	264177 -> 264307
	264530
	264307 -> 264530
	265637
	264530 -> 265637
	265846
	265637 -> 265846
	265970
	265846 -> 265970
	266401
	266192 -> 266401
	266341
	266401 -> 266341
	267620
	267080 -> 267620
	269171
	267958 -> 269171
	268112
	269171 -> 268112
	268437
	268112 -> 268437
	268966
	268437 -> 268966
	269143
	268966 -> 269143
	269068
	269143 -> 269068
	273177
	269171 -> 273177
	269837
	273177 -> 269837
	269491
	269837 -> 269491
	269568
	269491 -> 269568
	271925
	269837 -> 271925
	269858
	271925 -> 269858
	270446
	269858 -> 270446
	270624
	270446 -> 270624
	271801
	270624 -> 271801
	271058
	271801 -> 271058
	272382
	271925 -> 272382
	273122
	272382 -> 273122
	276162
	273177 -> 276162
	273751
	276162 -> 273751
	273721
	273751 -> 273721
	273598
	273721 -> 273598
	273706
	273598 -> 273706
	275091
	273751 -> 275091
	274250
	275091 -> 274250
	273761
	274250 -> 273761
	274262
	274250 -> 274262
	275313
	275091 -> 275313
	275203
	275313 -> 275203
	275700
	275313 -> 275700
	276089
	275700 -> 276089
	276076
	276089 -> 276076
	276044
	276076 -> 276044
	276783
	276162 -> 276783
	276516
	276783 -> 276516
	277371
	276783 -> 277371
	277291
	277371 -> 277291
	284404
	277488 -> 284404
	283913
	284404 -> 283913
	280749
	283913 -> 280749
	277982
	280749 -> 277982
	277897
	277982 -> 277897
	277815
	277897 -> 277815
	277907
	277897 -> 277907
	278484
	277982 -> 278484
	280543
	278484 -> 280543
	280136
	280543 -> 280136
	278566
	280136 -> 278566
	279976
	278566 -> 279976
	281167
	280749 -> 281167
	282352
	281167 -> 282352
	281677
	282352 -> 281677
	282409
	282352 -> 282409
	282812
	282409 -> 282812
	283070
	282812 -> 283070
	283003
	283070 -> 283003
	283171
	283070 -> 283171
	284146
	283913 -> 284146
	288100
	284404 -> 288100
	284474
	288100 -> 284474
	285472
	284474 -> 285472
	284605
	285472 -> 284605
	284783
	284605 -> 284783
	284814
	284783 -> 284814
	287030
	285472 -> 287030
	286219
	287030 -> 286219
	286056
	286219 -> 286056
	286341
	286219 -> 286341
	287008
	286341 -> 287008
	287066
	287030 -> 287066
	287982
	287066 -> 287982
	291896
	288100 -> 291896
	290772
	291896 -> 290772
	289837
	290772 -> 289837
	288641
	289837 -> 288641
	288476
	288641 -> 288476
	289473
	288641 -> 289473
	289016
	289473 -> 289016
	288901
	289016 -> 288901
	289050
	289016 -> 289050
	289823
	289473 -> 289823
	289586
	289823 -> 289586
	291071
	290772 -> 291071
	291150
	291071 -> 291150
	291782
	291150 -> 291782
	311754
	291896 -> 311754
	297570
	311754 -> 297570
	294412
	297570 -> 294412
	294216
	294412 -> 294216
	292714
	294216 -> 292714
	291972
	292714 -> 291972
	292835
	292714 -> 292835
	292822
	292835 -> 292822
	293247
	292835 -> 293247
	293572
	293247 -> 293572
	293528
	293572 -> 293528
	296016
	294412 -> 296016
	295959
	296016 -> 295959
	295220
	295959 -> 295220
	295199
	295220 -> 295199
	295644
	295220 -> 295644
	296913
	296016 -> 296913
	296219
	296913 -> 296219
	297014
	296913 -> 297014
	301601
	297570 -> 301601
	300329
	301601 -> 300329
	298076
	300329 -> 298076
	297954
	298076 -> 297954
	298858
	298076 -> 298858
	298241
	298858 -> 298241
	298768
	298241 -> 298768
	299333
	298858 -> 299333
	298941
	299333 -> 298941
	299028
	298941 -> 299028
	300100
	299333 -> 300100
	301587
	300329 -> 301587
	301295
	301587 -> 301295
	307676
	301601 -> 307676
	305508
	307676 -> 305508
	302189
	305508 -> 302189
	301855
	302189 -> 301855
	303312
	302189 -> 303312
	302785
	303312 -> 302785
	302538
	302785 -> 302538
	302440
	302538 -> 302440
	302205
	302440 -> 302205
	303038
	302785 -> 303038
	302976
	303038 -> 302976
	302939
	302976 -> 302939
	304212
	303312 -> 304212
	303574
	304212 -> 303574
	303775
	303574 -> 303775
	303637
	303775 -> 303637
	303840
	303775 -> 303840
	306984
	305508 -> 306984
	307415
	306984 -> 307415
	307000
	307415 -> 307000
	307553
	307415 -> 307553
	309617
	307676 -> 309617
	309376
	309617 -> 309376
	308993
	309376 -> 308993
	308574
	308993 -> 308574
	309568
	309376 -> 309568
	310423
	309617 -> 310423
	309763
	310423 -> 309763
	310095
	309763 -> 310095
	310340
	310095 -> 310340
	310125
	310340 -> 310125
	311414
	310423 -> 311414
	311352
	311414 -> 311352
	315800
	311754 -> 315800
	314168
	315800 -> 314168
	312934
	314168 -> 312934
	312384
	312934 -> 312384
	312152
	312384 -> 312152
	312306
	312152 -> 312306
	312692
	312384 -> 312692
	314163
	312934 -> 314163
	313006
	314163 -> 313006
	314373
	314168 -> 314373
	314672
	314373 -> 314672
	315231
	314672 -> 315231
	315797
	315231 -> 315797
	316173
	315800 -> 316173
	315903
	316173 -> 315903
	331866
	316336 -> 331866
	321947
	331866 -> 321947
	317935
	321947 -> 317935
	316360
	317935 -> 316360
	317113
	316360 -> 317113
	316804
	317113 -> 316804
	316377
	316804 -> 316377
	316926
	316804 -> 316926
	317240
	317113 -> 317240
	317225
	317240 -> 317225
	319372
	317935 -> 319372
	319153
	319372 -> 319153
	318220
	319153 -> 318220
	321370
	319372 -> 321370
	321351
	321370 -> 321351
	320781
	321351 -> 320781
	320503
	320781 -> 320503
	320360
	320503 -> 320360
	321071
	320781 -> 321071
	320972
	321071 -> 320972
	320881
	320972 -> 320881
	321153
	321071 -> 321153
	321108
	321153 -> 321108
	321438
	321370 -> 321438
	327433
	321947 -> 327433
	324187
	327433 -> 324187
	323662
	324187 -> 323662
	322674
	323662 -> 322674
	321958
	322674 -> 321958
	321994
	321958 -> 321994
	326450
	324187 -> 326450
	325645
	326450 -> 325645
	325366
	325645 -> 325366
	324305
	325366 -> 324305
	325538
	325366 -> 325538
	325737
	325645 -> 325737
	325754
	325737 -> 325754
	326896
	326450 -> 326896
	326897
	326896 -> 326897
	329730
	327433 -> 329730
	328829
	329730 -> 328829
	327509
	328829 -> 327509
	327947
	327509 -> 327947
	328358
	327947 -> 328358
	328928
	328829 -> 328928
	330570
	329730 -> 330570
	330001
	330570 -> 330001
	331034
	330570 -> 331034
	330884
	331034 -> 330884
	331206
	331034 -> 331206
	331273
	331206 -> 331273
	331272
	331273 -> 331272
	331341
	331273 -> 331341
	331630
	331341 -> 331630
	331511
	331630 -> 331511
	332071
	331866 -> 332071
	331903
	332071 -> 331903
	333823
	332071 -> 333823
	333385
	333823 -> 333385
	334363
	333823 -> 334363
	334760
	334363 -> 334760
	381437
	335315 -> 381437
	370152
	381437 -> 370152
	361412
	370152 -> 361412
	344153
	361412 -> 344153
	341261
	344153 -> 341261
	337645
	341261 -> 337645
	336898
	337645 -> 336898
	336799
	336898 -> 336799
	336437
	336799 -> 336437
	336676
	336437 -> 336676
	336902
	336898 -> 336902
	337175
	336902 -> 337175
	340359
	337645 -> 340359
	338913
	340359 -> 338913
	338791
	338913 -> 338791
	338435
	338791 -> 338435
	337666
	338435 -> 337666
	337926
	337666 -> 337926
	338126
	337926 -> 338126
	338464
	338435 -> 338464
	341397
	341261 -> 341397
	341362
	341397 -> 341362
	342916
	341397 -> 342916
	341929
	342916 -> 341929
	341480
	341929 -> 341480
	342402
	341929 -> 342402
	342354
	342402 -> 342354
	341981
	342354 -> 341981
	343631
	342916 -> 343631
	343111
	343631 -> 343111
	343213
	343111 -> 343213
	344981
	344153 -> 344981
	344711
	344981 -> 344711
	344603
	344711 -> 344603
	350075
	344981 -> 350075
	345945
	350075 -> 345945
	345327
	345945 -> 345327
	345464
	345327 -> 345464
	345454
	345464 -> 345454
	345748
	345464 -> 345748
	345856
	345748 -> 345856
	345960
	345945 -> 345960
	345954
	345960 -> 345954
	347191
	345960 -> 347191
	347010
	347191 -> 347010
	346110
	347010 -> 346110
	346290
	346110 -> 346290
	347126
	347010 -> 347126
	347449
	347191 -> 347449
	347236
	347449 -> 347236
	349274
	347449 -> 349274
	349116
	349274 -> 349116
	348021
	349116 -> 348021
	348068
	348021 -> 348068
	349438
	349274 -> 349438
	351711
	350075 -> 351711
	350991
	351711 -> 350991
	350155
	350991 -> 350155
	350196
	350155 -> 350196
	350477
	350196 -> 350477
	350648
	350477 -> 350648
	350807
	350648 -> 350807
	351594
	350991 -> 351594
	351568
	351594 -> 351568
	351231
	351568 -> 351231
	351114
	351231 -> 351114
	353874
	351711 -> 353874
	353718
	353874 -> 353718
	353166
	353718 -> 353166
	352122
	353166 -> 352122
	353221
	353166 -> 353221
	353836
	353718 -> 353836
	355703
	353874 -> 355703
	354582
	355703 -> 354582
	355508
	354582 -> 355508
	354766
	355508 -> 354766
	355540
	355508 -> 355540
	355568
	355540 -> 355568
	356091
	355703 -> 356091
	355950
	356091 -> 355950
	355725
	355950 -> 355725
	357638
	356091 -> 357638
	357429
	357638 -> 357429
	356416
	357429 -> 356416
	356480
	356416 -> 356480
	356535
	356480 -> 356535
	356490
	356535 -> 356490
	357525
	357429 -> 357525
	358969
	357638 -> 358969
	357640
	358969 -> 357640
	358815
	357640 -> 358815
	358798
	358815 -> 358798
	358654
	358798 -> 358654
	358776
	358654 -> 358776
	359313
	358969 -> 359313
	359063
	359313 -> 359063
	359230
	359063 -> 359230
	359734
	359313 -> 359734
	359433
	359734 -> 359433
	359444
	359433 -> 359444
	359794
	359734 -> 359794
	359823
	359794 -> 359823
	360746
	359823 -> 360746
	364886
	361412 -> 364886
	364773
	364886 -> 364773
	362142
	364773 -> 362142
	362105
	362142 -> 362105
	361813
	362105 -> 361813
	362426
	362142 -> 362426
	362362
	362426 -> 362362
	362166
	362362 -> 362166
	362175
	362166 -> 362175
	363472
	362426 -> 363472
	363236
	363472 -> 363236
	362892
	363236 -> 362892
	362883
	362892 -> 362883
	363293
	363236 -> 363293
	364744
	363472 -> 364744
	364716
	364744 -> 364716
	363885
	364716 -> 363885
	364795
	364773 -> 364795
	368576
	364886 -> 368576
	366426
	368576 -> 366426
	364958
	366426 -> 364958
	365357
	364958 -> 365357
	365391
	365357 -> 365391
	366401
	365391 -> 366401
	368342
	366426 -> 368342
	367627
	368342 -> 367627
	366514
	367627 -> 366514
	366816
	366514 -> 366816
	366735
	366816 -> 366735
	367720
	367627 -> 367720
	369511
	368576 -> 369511
	369402
	369511 -> 369402
	368811
	369402 -> 368811
	370135
	369511 -> 370135
	369664
	370135 -> 369664
	369728
	369664 -> 369728
	380491
	370152 -> 380491
	379379
	380491 -> 379379
	376634
	379379 -> 376634
	375118
	376634 -> 375118
	372914
	375118 -> 372914
	371426
	372914 -> 371426
	371020
	371426 -> 371020
	370970
	371020 -> 370970
	370882
	370970 -> 370882
	372008
	371426 -> 372008
	371640
	372008 -> 371640
	371635
	371640 -> 371635
	371728
	371640 -> 371728
	371901
	371728 -> 371901
	372190
	372008 -> 372190
	373626
	372914 -> 373626
	374673
	373626 -> 374673
	373752
	374673 -> 373752
	374422
	373752 -> 374422
	374971
	374673 -> 374971
	376404
	375118 -> 376404
	375961
	376404 -> 375961
	378489
	376634 -> 378489
	377906
	378489 -> 377906
	377194
	377906 -> 377194
	376832
	377194 -> 376832
	376896
	376832 -> 376896
	377871
	377194 -> 377871
	377553
	377871 -> 377553
	378457
	377906 -> 378457
	378045
	378457 -> 378045
	378025
	378045 -> 378025
	379127
	378489 -> 379127
	378546
	379127 -> 378546
	378770
	378546 -> 378770
	379124
	378770 -> 379124
	380387
	379379 -> 380387
	379946
	380387 -> 379946
	380134
	379946 -> 380134
	380230
	380134 -> 380230
	381095
	380491 -> 381095
	381032
	381095 -> 381032
	380738
	381032 -> 380738
	381372
	381095 -> 381372
	521870
	381437 -> 521870
	436941
	521870 -> 436941
	401829
	436941 -> 401829
	400559
	401829 -> 400559
	388940
	400559 -> 388940
	386002
	388940 -> 386002
	383110
	386002 -> 383110
	382103
	383110 -> 382103
	381839
	382103 -> 381839
	381595
	381839 -> 381595
	382061
	381839 -> 382061
	382216
	382103 -> 382216
	382944
	382216 -> 382944
	385464
	383110 -> 385464
	383232
	385464 -> 383232
	385012
	383232 -> 385012
	384904
	385012 -> 384904
	385882
	385464 -> 385882
	385539
	385882 -> 385539
	386362
	386002 -> 386362
	386312
	386362 -> 386312
	386079
	386312 -> 386079
	386174
	386079 -> 386174
	387324
	386362 -> 387324
	387308
	387324 -> 387308
	387002
	387308 -> 387002
	386723
	387002 -> 386723
	388523
	387324 -> 388523
	388111
	388523 -> 388111
	388217
	388111 -> 388217
	388410
	388217 -> 388410
	394283
	388940 -> 394283
	389796
	394283 -> 389796
	389615
	389796 -> 389615
	388997
	389615 -> 388997
	389346
	388997 -> 389346
	389711
	389615 -> 389711
	392908
	389796 -> 392908
	390817
	392908 -> 390817
	389934
	390817 -> 389934
	389864
	389934 -> 389864
	390144
	389934 -> 390144
	391718
	390817 -> 391718
	392416
	391718 -> 392416
	393472
	392908 -> 393472
	392978
	393472 -> 392978
	394969
	394283 -> 394969
	394964
	394969 -> 394964
	394464
	394964 -> 394464
	394867
	394464 -> 394867
	394817
	394867 -> 394817
	394885
	394867 -> 394885
	396096
	394969 -> 396096
	395686
	396096 -> 395686
	395111
	395686 -> 395111
	395678
	395111 -> 395678
	399347
	396096 -> 399347
	397692
	399347 -> 397692
	396731
	397692 -> 396731
	396390
	396731 -> 396390
	397482
	396731 -> 397482
	397042
	397482 -> 397042
	399183
	397692 -> 399183
	398910
	399183 -> 398910
	398228
	398910 -> 398228
	398142
	398228 -> 398142
	398735
	398228 -> 398735
	398941
	398910 -> 398941
	400331
	399347 -> 400331
	399796
	400331 -> 399796
	399357
	399796 -> 399357
	399531
	399357 -> 399531
	399992
	399796 -> 399992
	399838
	399992 -> 399838
	400674
	400559 -> 400674
	401522
	400674 -> 401522
	401397
	401522 -> 401397
	407855
	401829 -> 407855
	406220
	407855 -> 406220
	405524
	406220 -> 405524
	404091
	405524 -> 404091
	403068
	404091 -> 403068
	402150
	403068 -> 402150
	402639
	402150 -> 402639
	403570
	403068 -> 403570
	404086
	403570 -> 404086
	404034
	404086 -> 404034
	405568
	405524 -> 405568
	405934
	405568 -> 405934
	406100
	405934 -> 406100
	406382
	406220 -> 406382
	407821
	406382 -> 407821
	433144
	407855 -> 433144
	431703
	433144 -> 431703
	428022
	431703 -> 428022
	409468
	428022 -> 409468
	409109
	409468 -> 409109
	408036
	409109 -> 408036
	411872
	409468 -> 411872
	411262
	411872 -> 411262
	410979
	411262 -> 410979
	410511
	410979 -> 410511
	410789
	410511 -> 410789
	410902
	410789 -> 410902
	421561
	411872 -> 421561
	414065
	421561 -> 414065
	412920
	414065 -> 412920
	413841
	412920 -> 413841
	413120
	413841 -> 413120
	413630
	413120 -> 413630
	413850
	413841 -> 413850
	414775
	414065 -> 414775
	414223
	414775 -> 414223
	418065
	414775 -> 418065
	416489
	418065 -> 416489
	414984
	416489 -> 414984
	414959
	414984 -> 414959
	415613
	414984 -> 415613
	415586
	415613 -> 415586
	415527
	415586 -> 415527
	416025
	415613 -> 416025
	417033
	416489 -> 417033
	416948
	417033 -> 416948
	416641
	416948 -> 416641
	416640
	416641 -> 416640
	417408
	417033 -> 417408
	417502
	417408 -> 417502
	421414
	418065 -> 421414
	418634
	421414 -> 418634
	418103
	418634 -> 418103
	421181
	418634 -> 421181
	421077
	421181 -> 421077
	419437
	421077 -> 419437
	420257
	419437 -> 420257
	427692
	421561 -> 427692
	426756
	427692 -> 426756
	425285
	426756 -> 425285
	424710
	425285 -> 424710
	423555
	424710 -> 423555
	422642
	423555 -> 422642
	422636
	422642 -> 422636
	422394
	422636 -> 422394
	423833
	423555 -> 423833
	424096
	423833 -> 424096
	425200
	424710 -> 425200
	424996
	425200 -> 424996
	426062
	425285 -> 426062
	425701
	426062 -> 425701
	425297
	425701 -> 425297
	425607
	425297 -> 425607
	426589
	426062 -> 426589
	427610
	426756 -> 427610
	427606
	427610 -> 427606
	426814
	427606 -> 426814
	426809
	426814 -> 426809
	426803
	426809 -> 426803
	426919
	426814 -> 426919
	427618
	427610 -> 427618
	427611
	427618 -> 427611
	428902
	428022 -> 428902
	428352
	428902 -> 428352
	430084
	428902 -> 430084
	429880
	430084 -> 429880
	429127
	429880 -> 429127
	429718
	429127 -> 429718
	430210
	430084 -> 430210
	431014
	430210 -> 431014
	431563
	431014 -> 431563
	431320
	431563 -> 431320
	431111
	431320 -> 431111
	433068
	431703 -> 433068
	431787
	433068 -> 431787
	431960
	431787 -> 431960
	434408
	433144 -> 434408
	434390
	434408 -> 434390
	434333
	434390 -> 434333
	433565
	434333 -> 433565
	434395
	434390 -> 434395
	434502
	434408 -> 434502
	435573
	434502 -> 435573
	435323
	435573 -> 435323
	434580
	435323 -> 434580
	435144
	434580 -> 435144
	435358
	435323 -> 435358
	436523
	435573 -> 436523
	436588
	436523 -> 436588
	484261
	436941 -> 484261
	470176
	484261 -> 470176
	469200
	470176 -> 469200
	457587
	469200 -> 457587
	443110
	457587 -> 443110
	442453
	443110 -> 442453
	441843
	442453 -> 441843
	441079
	441843 -> 441079
	438281
	441079 -> 438281
	437150
	438281 -> 437150
	437105
	437150 -> 437105
	437551
	437150 -> 437551
	439987
	438281 -> 439987
	439517
	439987 -> 439517
	439158
	439517 -> 439158
	438962
	439158 -> 438962
	438418
	438962 -> 438418
	438978
	438962 -> 438978
	439421
	439158 -> 439421
	439212
	439421 -> 439212
	440452
	439987 -> 440452
	440523
	440452 -> 440523
	441173
	441079 -> 441173
	442383
	441843 -> 442383
	442085
	442383 -> 442085
	442409
	442383 -> 442409
	442857
	442453 -> 442857
	442626
	442857 -> 442626
	442474
	442626 -> 442474
	447057
	443110 -> 447057
	445458
	447057 -> 445458
	444937
	445458 -> 444937
	444122
	444937 -> 444122
	444642
	444122 -> 444642
	444434
	444642 -> 444434
	444614
	444434 -> 444614
	444887
	444642 -> 444887
	445112
	444937 -> 445112
	445988
	445458 -> 445988
	445749
	445988 -> 445749
	449523
	447057 -> 449523
	449365
	449523 -> 449365
	448945
	449365 -> 448945
	447943
	448945 -> 447943
	447550
	447943 -> 447550
	448556
	447943 -> 448556
	448904
	448556 -> 448904
	448869
	448904 -> 448869
	454325
	449523 -> 454325
	453961
	454325 -> 453961
	452151
	453961 -> 452151
	449538
	452151 -> 449538
	450828
	449538 -> 450828
	449785
	450828 -> 449785
	451050
	450828 -> 451050
	453570
	452151 -> 453570
	452663
	453570 -> 452663
	452189
	452663 -> 452189
	452440
	452189 -> 452440
	453530
	452663 -> 453530
	455779
	454325 -> 455779
	455311
	455779 -> 455311
	454696
	455311 -> 454696
	455017
	454696 -> 455017
	454720
	455017 -> 454720
	454810
	454720 -> 454810
	456828
	455779 -> 456828
	456285
	456828 -> 456285
	455974
	456285 -> 455974
	456441
	456285 -> 456441
	456421
	456441 -> 456421
	456450
	456441 -> 456450
	457183
	456828 -> 457183
	461951
	457587 -> 461951
	458634
	461951 -> 458634
	458300
	458634 -> 458300
	458076
	458300 -> 458076
	457704
	458076 -> 457704
	458286
	458076 -> 458286
	460781
	458634 -> 460781
	459046
	460781 -> 459046
	459579
	459046 -> 459579
	459309
	459579 -> 459309
	460510
	459579 -> 460510
	461087
	460781 -> 461087
	460892
	461087 -> 460892
	461202
	461087 -> 461202
	461851
	461202 -> 461851
	461750
	461851 -> 461750
	461557
	461750 -> 461557
	461420
	461557 -> 461420
	463100
	461951 -> 463100
	462132
	463100 -> 462132
	462323
	462132 -> 462323
	462923
	462323 -> 462923
	462831
	462923 -> 462831
	467824
	463100 -> 467824
	467203
	467824 -> 467203
	467173
	467203 -> 467173
	464123
	467173 -> 464123
	463669
	464123 -> 463669
	464015
	463669 -> 464015
	464054
	464015 -> 464054
	466746
	464123 -> 466746
	465073
	466746 -> 465073
	464452
	465073 -> 464452
	464773
	464452 -> 464773
	465190
	465073 -> 465190
	466229
	465190 -> 466229
	465805
	466229 -> 465805
	465532
	465805 -> 465532
	466029
	465805 -> 466029
	466518
	466229 -> 466518
	466670
	466518 -> 466670
	467193
	467173 -> 467193
	468568
	467824 -> 468568
	468183
	468568 -> 468183
	469741
	469200 -> 469741
	474920
	470176 -> 474920
	473743
	474920 -> 473743
	472881
	473743 -> 472881
	471453
	472881 -> 471453
	470439
	471453 -> 470439
	471325
	470439 -> 471325
	472437
	471453 -> 472437
	471975
	472437 -> 471975
	472812
	472437 -> 472812
	474097
	473743 -> 474097
	474074
	474097 -> 474074
	474396
	474097 -> 474396
	482943
	474920 -> 482943
	479384
	482943 -> 479384
	475010
	479384 -> 475010
	474948
	475010 -> 474948
	477371
	475010 -> 477371
	475622
	477371 -> 475622
	475660
	475622 -> 475660
	477649
	477371 -> 477649
	481212
	479384 -> 481212
	480560
	481212 -> 480560
	479605
	480560 -> 479605
	479583
	479605 -> 479583
	480652
	480560 -> 480652
	482651
	481212 -> 482651
	481599
	482651 -> 481599
	482417
	481599 -> 482417
	481845
	482417 -> 481845
	482030
	481845 -> 482030
	482930
	482651 -> 482930
	482832
	482930 -> 482832
	483049
	482943 -> 483049
	483004
	483049 -> 483004
	483272
	483049 -> 483272
	484086
	483272 -> 484086
	483832
	484086 -> 483832
	483291
	483832 -> 483291
	483424
	483291 -> 483424
	483889
	483832 -> 483889
	484090
	484086 -> 484090
	505893
	484261 -> 505893
	500833
	505893 -> 500833
	490532
	500833 -> 490532
	486094
	490532 -> 486094
	485159
	486094 -> 485159
	484610
	485159 -> 484610
	486062
	485159 -> 486062
	485743
	486062 -> 485743
	485662
	485743 -> 485662
	489406
	486094 -> 489406
	486625
	489406 -> 486625
	486293
	486625 -> 486293
	486306
	486293 -> 486306
	486528
	486306 -> 486528
	487197
	486625 -> 487197
	486753
	487197 -> 486753
	486630
	486753 -> 486630
	487026
	486753 -> 487026
	486886
	487026 -> 486886
	487101
	487026 -> 487101
	487807
	487197 -> 487807
	487282
	487807 -> 487282
	487804
	487282 -> 487804
	489262
	487807 -> 489262
	488942
	489262 -> 488942
	488347
	488942 -> 488347
	489962
	489406 -> 489962
	489659
	489962 -> 489659
	490110
	489962 -> 490110
	490084
	490110 -> 490084
	490142
	490110 -> 490142
	490348
	490142 -> 490348
	490425
	490348 -> 490425
	495360
	490532 -> 495360
	491996
	495360 -> 491996
	490859
	491996 -> 490859
	490555
	490859 -> 490555
	491537
	490859 -> 491537
	491087
	491537 -> 491087
	492650
	491996 -> 492650
	492506
	492650 -> 492506
	492421
	492506 -> 492421
	492524
	492506 -> 492524
	493339
	492650 -> 493339
	493434
	493339 -> 493434
	494124
	493434 -> 494124
	496415
	495360 -> 496415
	495580
	496415 -> 495580
	496176
	495580 -> 496176
	495761
	496176 -> 495761
	496266
	496176 -> 496266
	497488
	496415 -> 497488
	496440
	497488 -> 496440
	497035
	496440 -> 497035
	496969
	497035 -> 496969
	496572
	496969 -> 496572
	496859
	496572 -> 496859
	499715
	497488 -> 499715
	497526
	499715 -> 497526
	499545
	497526 -> 499545
	499001
	499545 -> 499001
	500174
	499715 -> 500174
	500697
	500174 -> 500697
	500838
	500833 -> 500838
	501475
	500838 -> 501475
	500985
	501475 -> 500985
	500852
	500985 -> 500852
	501119
	500985 -> 501119
	501694
	501475 -> 501694
	503584
	501694 -> 503584
	503388
	503584 -> 503388
	503194
	503388 -> 503194
	501979
	503194 -> 501979
	503062
	501979 -> 503062
	503749
	503584 -> 503749
	504799
	503749 -> 504799
	504017
	504799 -> 504017
	510806
	505893 -> 510806
	507712
	510806 -> 507712
	506266
	507712 -> 506266
	505908
	506266 -> 505908
	507091
	506266 -> 507091
	507026
	507091 -> 507026
	508397
	507712 -> 508397
	508189
	508397 -> 508189
	508078
	508189 -> 508078
	507744
	508078 -> 507744
	507875
	507744 -> 507875
	507984
	507875 -> 507984
	508155
	508078 -> 508155
	508091
	508155 -> 508091
	510313
	508397 -> 510313
	509303
	510313 -> 509303
	509181
	509303 -> 509181
	509283
	509181 -> 509283
	510437
	510313 -> 510437
	515291
	510806 -> 515291
	513929
	515291 -> 513929
	511696
	513929 -> 511696
	511472
	511696 -> 511472
	511643
	511472 -> 511643
	512255
	511696 -> 512255
	514368
	513929 -> 514368
	514217
	514368 -> 514217
	513943
	514217 -> 513943
	514282
	514217 -> 514282
	514383
	514368 -> 514383
	514431
	514383 -> 514431
	514539
	514431 -> 514539
	514540
	514539 -> 514540
	514896
	514540 -> 514896
	518696
	515291 -> 518696
	516774
	518696 -> 516774
	516085
	516774 -> 516085
	515904
	516085 -> 515904
	516164
	516085 -> 516164
	517434
	516774 -> 517434
	517188
	517434 -> 517188
	517795
	517434 -> 517795
	519450
	518696 -> 519450
	519241
	519450 -> 519241
	518907
	519241 -> 518907
	518752
	518907 -> 518752
	518719
	518752 -> 518719
	519700
	519450 -> 519700
	519630
	519700 -> 519630
	519586
	519630 -> 519586
	521055
	519700 -> 521055
	520747
	521055 -> 520747
	520679
	520747 -> 520679
	519833
	520679 -> 519833
	522468
	521870 -> 522468
	521969
	522468 -> 521969
	522335
	521969 -> 522335
	528468
	522468 -> 528468
	522535
	528468 -> 522535
	523006
	522535 -> 523006
	522627
	523006 -> 522627
	522917
	522627 -> 522917
	524742
	523006 -> 524742
	523496
	524742 -> 523496
	523292
	523496 -> 523292
	524124
	523496 -> 524124
	524452
	524124 -> 524452
	524254
	524452 -> 524254
	527731
	524742 -> 527731
	526506
	527731 -> 526506
	526397
	526506 -> 526397
	525136
	526397 -> 525136
	526078
	525136 -> 526078
	526778
	526506 -> 526778
	526773
	526778 -> 526773
	530861
	528468 -> 530861
	530758
	530861 -> 530758
	529799
	530758 -> 529799
	529448
	529799 -> 529448
	528653
	529448 -> 528653
	529745
	529448 -> 529745
	530550
	529799 -> 530550
	530086
	530550 -> 530086
	532294
	530861 -> 532294
	531280
	532294 -> 531280
	530975
	531280 -> 530975
	533398
	532294 -> 533398
	533029
	533398 -> 533029
	532749
	533029 -> 532749
	533019
	532749 -> 533019
	546659
	534126 -> 546659
	541351
	546659 -> 541351
	538169
	541351 -> 538169
	537959
	538169 -> 537959
	537187
	537959 -> 537187
	534991
	537187 -> 534991
	534433
	534991 -> 534433
	536153
	534991 -> 536153
	536470
	536153 -> 536470
	537653
	537187 -> 537653
	537612
	537653 -> 537612
	538129
	537959 -> 538129
	540027
	538169 -> 540027
	538976
	540027 -> 538976
	538454
	538976 -> 538454
	538385
	538454 -> 538385
	538309
	538385 -> 538309
	538259
	538309 -> 538259
	538625
	538454 -> 538625
	538551
	538625 -> 538551
	539885
	538976 -> 539885
	539139
	539885 -> 539139
	539543
	539139 -> 539543
	541107
	540027 -> 541107
	544962
	541351 -> 544962
	542245
	544962 -> 542245
	541810
	542245 -> 541810
	541785
	541810 -> 541785
	542027
	541810 -> 542027
	543613
	542245 -> 543613
	542657
	543613 -> 542657
	542269
	542657 -> 542269
	543464
	542657 -> 543464
	544220
	543613 -> 544220
	544680
	544220 -> 544680
	545826
	544962 -> 545826
	545766
	545826 -> 545766
	545692
	545766 -> 545692
	545635
	545692 -> 545635
	546098
	545826 -> 546098
	546345
	546098 -> 546345
	629225
	546659 -> 629225
	615444
	629225 -> 615444
	573942
	615444 -> 573942
	557597
	573942 -> 557597
	556257
	557597 -> 556257
	555993
	556257 -> 555993
	550194
	555993 -> 550194
	549893
	550194 -> 549893
	547492
	549893 -> 547492
	546888
	547492 -> 546888
	546738
	546888 -> 546738
	547002
	546888 -> 547002
	547239
	547002 -> 547239
	549816
	547492 -> 549816
	549329
	549816 -> 549329
	547523
	549329 -> 547523
	547678
	547523 -> 547678
	549794
	549329 -> 549794
	549776
	549794 -> 549776
	549847
	549816 -> 549847
	549929
	549893 -> 549929
	549992
	549929 -> 549992
	550147
	549992 -> 550147
	550178
	550147 -> 550178
	554486
	550194 -> 554486
	552959
	554486 -> 552959
	551104
	552959 -> 551104
	550635
	551104 -> 550635
	550450
	550635 -> 550450
	551153
	551104 -> 551153
	552558
	551153 -> 552558
	552328
	552558 -> 552328
	551692
	552328 -> 551692
	551589
	551692 -> 551589
	551578
	551589 -> 551578
	555858
	554486 -> 555858
	554882
	555858 -> 554882
	554861
	554882 -> 554861
	554625
	554861 -> 554625
	556715
	556257 -> 556715
	557046
	556715 -> 557046
	556966
	557046 -> 556966
	559389
	557597 -> 559389
	559267
	559389 -> 559267
	559174
	559267 -> 559174
	557847
	559174 -> 557847
	558341
	557847 -> 558341
	558330
	558341 -> 558330
	558736
	558341 -> 558736
	558367
	558736 -> 558367
	558882
	558736 -> 558882
	559329
	559267 -> 559329
	559295
	559329 -> 559295
	567214
	559389 -> 567214
	564405
	567214 -> 564405
	561340
	564405 -> 561340
	561016
	561340 -> 561016
	559705
	561016 -> 559705
	559517
	559705 -> 559517
	560090
	559705 -> 560090
	560062
	560090 -> 560062
	562732
	561340 -> 562732
	561495
	562732 -> 561495
	563360
	562732 -> 563360
	562919
	563360 -> 562919
	563499
	563360 -> 563499
	564380
	563499 -> 564380
	565169
	564405 -> 565169
	564987
	565169 -> 564987
	566009
	565169 -> 566009
	565869
	566009 -> 565869
	565427
	565869 -> 565427
	565835
	565427 -> 565835
	565611
	565835 -> 565611
	566377
	566009 -> 566377
	571680
	567214 -> 571680
	569445
	571680 -> 569445
	568398
	569445 -> 568398
	567628
	568398 -> 567628
	567306
	567628 -> 567306
	567958
	567628 -> 567958
	568649
	568398 -> 568649
	569361
	568649 -> 569361
	569772
	569445 -> 569772
	569560
	569772 -> 569560
	569591
	569560 -> 569591
	570079
	569772 -> 570079
	571303
	570079 -> 571303
	570603
	571303 -> 570603
	570981
	570603 -> 570981
	571586
	571303 -> 571586
	572716
	571680 -> 572716
	571983
	572716 -> 571983
	572085
	571983 -> 572085
	572590
	572085 -> 572590
	609331
	573942 -> 609331
	599797
	609331 -> 599797
	599390
	599797 -> 599390
	581536
	599390 -> 581536
	576766
	581536 -> 576766
	574574
	576766 -> 574574
	575653
	574574 -> 575653
	577778
	576766 -> 577778
	577183
	577778 -> 577183
	577138
	577183 -> 577138
	577491
	577183 -> 577491
	579963
	577778 -> 579963
	578485
	579963 -> 578485
	577979
	578485 -> 577979
	578195
	577979 -> 578195
	579787
	578485 -> 579787
	579264
	579787 -> 579264
	579211
	579264 -> 579211
	578762
	579211 -> 578762
	580445
	579963 -> 580445
	580578
	580445 -> 580578
	580476
	580578 -> 580476
	580485
	580476 -> 580485
	596635
	581536 -> 596635
	587355
	596635 -> 587355
	585744
	587355 -> 585744
	583713
	585744 -> 583713
	583439
	583713 -> 583439
	582187
	583439 -> 582187
	581734
	582187 -> 581734
	582639
	582187 -> 582639
	582851
	582639 -> 582851
	582917
	582851 -> 582917
	583575
	583439 -> 583575
	585338
	583713 -> 585338
	585251
	585338 -> 585251
	584823
	585251 -> 584823
	584818
	584823 -> 584818
	584562
	584818 -> 584562
	586960
	585744 -> 586960
	586155
	586960 -> 586155
	585903
	586155 -> 585903
	585990
	585903 -> 585990
	586914
	586155 -> 586914
	586707
	586914 -> 586707
	587063
	586960 -> 587063
	589287
	587355 -> 589287
	588113
	589287 -> 588113
	587900
	588113 -> 587900
	587765
	587900 -> 587765
	587825
	587765 -> 587825
	588285
	588113 -> 588285
	588214
	588285 -> 588214
	588946
	588285 -> 588946
	588583
	588946 -> 588583
	588480
	588583 -> 588480
	590193
	589287 -> 590193
	589315
	590193 -> 589315
	589486
	589315 -> 589486
	593028
	590193 -> 593028
	591353
	593028 -> 591353
	590683
	591353 -> 590683
	590538
	590683 -> 590538
	590827
	590683 -> 590827
	590778
	590827 -> 590778
	592590
	591353 -> 592590
	591374
	592590 -> 591374
	592933
	592590 -> 592933
	593336
	593028 -> 593336
	593243
	593336 -> 593243
	593174
	593243 -> 593174
	595996
	593336 -> 595996
	595323
	595996 -> 595323
	595266
	595323 -> 595266
	594704
	595266 -> 594704
	595700
	595323 -> 595700
	596510
	595996 -> 596510
	598105
	596635 -> 598105
	596784
	598105 -> 596784
	597123
	596784 -> 597123
	597100
	597123 -> 597100
	596790
	597100 -> 596790
	597887
	597123 -> 597887
	597391
	597887 -> 597391
	597689
	597391 -> 597689
	598367
	598105 -> 598367
	599360
	598367 -> 599360
	599610
	599390 -> 599610
	599603
	599610 -> 599603
	599739
	599610 -> 599739
	606553
	599797 -> 606553
	604782
	606553 -> 604782
	601788
	604782 -> 601788
	599978
	601788 -> 599978
	599899
	599978 -> 599899
	600018
	599978 -> 600018
	601485
	600018 -> 601485
	600883
	601485 -> 600883
	601535
	601485 -> 601535
	601732
	601535 -> 601732
	603377
	601788 -> 603377
	602820
	603377 -> 602820
	602444
	602820 -> 602444
	604134
	603377 -> 604134
	603984
	604134 -> 603984
	603912
	603984 -> 603912
	603705
	603912 -> 603705
	603978
	603912 -> 603978
	604236
	604134 -> 604236
	604179
	604236 -> 604179
	604206
	604179 -> 604206
	604352
	604236 -> 604352
	604318
	604352 -> 604318
	604946
	604782 -> 604946
	604898
	604946 -> 604898
	604924
	604898 -> 604924
	606423
	604946 -> 606423
	606343
	606423 -> 606343
	606188
	606343 -> 606188
	605920
	606188 -> 605920
	605573
	605920 -> 605573
	607639
	606553 -> 607639
	607483
	607639 -> 607483
	606943
	607483 -> 606943
	608125
	607639 -> 608125
	608122
	608125 -> 608122
	609224
	608125 -> 609224
	608529
	609224 -> 608529
	611578
	609331 -> 611578
	611035
	611578 -> 611035
	609708
	611035 -> 609708
	609537
	609708 -> 609537
	609455
	609537 -> 609455
	610101
	609708 -> 610101
	609895
	610101 -> 609895
	610635
	610101 -> 610635
	610525
	610635 -> 610525
	610871
	610635 -> 610871
	611380
	611035 -> 611380
	611173
	611380 -> 611173
	611189
	611173 -> 611189
	612856
	611578 -> 612856
	612171
	612856 -> 612171
	611996
	612171 -> 611996
	611746
	611996 -> 611746
	612037
	611996 -> 612037
	612675
	612171 -> 612675
	612321
	612675 -> 612321
	612262
	612321 -> 612262
	614199
	612856 -> 614199
	614913
	614199 -> 614913
	614587
	614913 -> 614587
	614880
	614587 -> 614880
	614994
	614913 -> 614994
	623935
	615444 -> 623935
	620413
	623935 -> 620413
	618488
	620413 -> 618488
	617720
	618488 -> 617720
	617048
	617720 -> 617048
	616770
	617048 -> 616770
	616629
	616770 -> 616629
	617355
	617048 -> 617355
	617319
	617355 -> 617319
	617800
	617720 -> 617800
	617899
	617800 -> 617899
	618424
	617899 -> 618424
	618536
	618488 -> 618536
	618529
	618536 -> 618529
	619771
	618536 -> 619771
	620522
	620413 -> 620522
	623887
	620522 -> 623887
	623024
	623887 -> 623024
	621003
	623024 -> 621003
	620701
	621003 -> 620701
	623015
	621003 -> 623015
	622761
	623015 -> 622761
	623724
	623024 -> 623724
	626853
	623935 -> 626853
	624574
	626853 -> 624574
	624055
	624574 -> 624055
	623994
	624055 -> 623994
	624480
	624055 -> 624480
	624664
	624574 -> 624664
	625672
	624664 -> 625672
	626437
	625672 -> 626437
	628538
	626853 -> 628538
	627861
	628538 -> 627861
	627785
	627861 -> 627785
	627082
	627785 -> 627082
	626868
	627082 -> 626868
	627339
	627082 -> 627339
	627949
	627861 -> 627949
	628487
	627949 -> 628487
	629204
	628538 -> 629204
	628564
	629204 -> 628564
	628787
	628564 -> 628787
	628663
	628787 -> 628663
	632942
	629225 -> 632942
	631210
	632942 -> 631210
	630800
	631210 -> 630800
	629565
	630800 -> 629565
	629837
	629565 -> 629837
	629590
	629837 -> 629590
	629969
	629837 -> 629969
	632750
	631210 -> 632750
	631575
	632750 -> 631575
	631261
	631575 -> 631261
	661838
	632942 -> 661838
	650658
	661838 -> 650658
	643903
	650658 -> 643903
	636397
	643903 -> 636397
	634975
	636397 -> 634975
	634963
	634975 -> 634963
	633365
	634963 -> 633365
	633217
	633365 -> 633217
	634166
	633365 -> 634166
	634344
	634166 -> 634344
	635070
	634975 -> 635070
	636214
	635070 -> 636214
	635487
	636214 -> 635487
	635142
	635487 -> 635142
	642705
	636397 -> 642705
	638962
	642705 -> 638962
	638179
	638962 -> 638179
	637417
	638179 -> 637417
	636449
	637417 -> 636449
	637086
	636449 -> 637086
	636922
	637086 -> 636922
	637776
	637417 -> 637776
	637424
	637776 -> 637424
	638033
	637776 -> 638033
	638220
	638179 -> 638220
	640979
	638962 -> 640979
	640047
	640979 -> 640047
	639641
	640047 -> 639641
	639552
	639641 -> 639552
	639166
	639552 -> 639166
	639758
	639641 -> 639758
	640899
	640047 -> 640899
	640271
	640899 -> 640271
	640594
	640271 -> 640594
	640513
	640594 -> 640513
	642683
	640979 -> 642683
	642151
	642683 -> 642151
	641219
	642151 -> 641219
	641166
	641219 -> 641166
	641709
	641219 -> 641709
	642310
	642151 -> 642310
	643163
	642705 -> 643163
	643272
	643163 -> 643272
	643896
	643272 -> 643896
	646454
	643903 -> 646454
	645075
	646454 -> 645075
	644342
	645075 -> 644342
	644419
	644342 -> 644419
	644557
	644419 -> 644557
	644950
	644557 -> 644950
	644980
	644950 -> 644980
	645280
	645075 -> 645280
	646329
	645280 -> 646329
	645831
	646329 -> 645831
	645625
	645831 -> 645625
	645358
	645625 -> 645358
	645301
	645358 -> 645301
	646516
	646454 -> 646516
	648819
	646516 -> 648819
	647378
	648819 -> 647378
	646996
	647378 -> 646996
	646922
	646996 -> 646922
	647221
	646996 -> 647221
	648761
	647378 -> 648761
	648074
	648761 -> 648074
	649130
	648819 -> 649130
	650549
	649130 -> 650549
	649509
	650549 -> 649509
	649520
	649509 -> 649520
	649780
	649520 -> 649780
	649533
	649780 -> 649533
	650554
	650549 -> 650554
	650580
	650554 -> 650580
	660485
	650658 -> 660485
	655269
	660485 -> 655269
	654740
	655269 -> 654740
	652234
	654740 -> 652234
	650809
	652234 -> 650809
	652124
	650809 -> 652124
	651397
	652124 -> 651397
	651925
	651397 -> 651925
	651731
	651925 -> 651731
	653072
	652234 -> 653072
	652658
	653072 -> 652658
	652778
	652658 -> 652778
	653822
	653072 -> 653822
	653161
	653822 -> 653161
	654364
	653822 -> 654364
	654058
	654364 -> 654058
	654752
	654740 -> 654752
	654853
	654752 -> 654853
	655148
	654853 -> 655148
	655085
	655148 -> 655085
	655217
	655148 -> 655217
	655985
	655269 -> 655985
	655748
	655985 -> 655748
	655322
	655748 -> 655322
	655850
	655748 -> 655850
	655768
	655850 -> 655768
	657515
	655985 -> 657515
	656796
	657515 -> 656796
	656105
	656796 -> 656105
	656536
	656105 -> 656536
	656982
	656796 -> 656982
	657016
	656982 -> 657016
	658324
	657515 -> 658324
	658092
	658324 -> 658092
	657759
	658092 -> 657759
	658855
	658324 -> 658855
	658597
	658855 -> 658597
	658402
	658597 -> 658402
	658698
	658597 -> 658698
	658778
	658698 -> 658778
	659368
	658855 -> 659368
	659967
	659368 -> 659967
	659871
	659967 -> 659871
	659442
	659871 -> 659442
	660030
	659967 -> 660030
	661730
	660485 -> 661730
	660893
	661730 -> 660893
	660500
	660893 -> 660500
	660837
	660500 -> 660837
	660641
	660837 -> 660641
	661676
	660893 -> 661676
	661074
	661676 -> 661074
	661386
	661074 -> 661386
	661212
	661386 -> 661212
	664045
	661838 -> 664045
	662096
	664045 -> 662096
	661945
	662096 -> 661945
	661907
	661945 -> 661907
	661968
	661945 -> 661968
	662638
	662096 -> 662638
	662359
	662638 -> 662359
	662261
	662359 -> 662261
	662607
	662359 -> 662607
	663569
	662638 -> 663569
	664636
	664045 -> 664636
	664920
	664636 -> 664920
	665344
	664920 -> 665344
	665320
	665344 -> 665320
	824033
	665707 -> 824033
	821267
	824033 -> 821267
	696988
	821267 -> 696988
	691950
	696988 -> 691950
	681695
	691950 -> 681695
	670584
	681695 -> 670584
	668115
	670584 -> 668115
	667114
	668115 -> 667114
	666565
	667114 -> 666565
	666054
	666565 -> 666054
	666977
	666565 -> 666977
	666602
	666977 -> 666602
	666607
	666602 -> 666607
	667461
	667114 -> 667461
	667300
	667461 -> 667300
	667328
	667300 -> 667328
	667315
	667328 -> 667315
	667915
	667461 -> 667915
	667564
	667915 -> 667564
	667877
	667564 -> 667877
	667728
	667877 -> 667728
	668068
	667915 -> 668068
	668861
	668115 -> 668861
	668396
	668861 -> 668396
	668319
	668396 -> 668319
	668734
	668396 -> 668734
	668941
	668861 -> 668941
	670176
	668941 -> 670176
	675138
	670584 -> 675138
	672920
	675138 -> 672920
	672790
	672920 -> 672790
	670939
	672790 -> 670939
	670714
	670939 -> 670714
	671396
	670939 -> 671396
	672284
	671396 -> 672284
	671819
	672284 -> 671819
	671677
	671819 -> 671677
	672772
	672284 -> 672772
	672534
	672772 -> 672534
	672884
	672790 -> 672884
	673545
	672920 -> 673545
	672978
	673545 -> 672978
	673023
	672978 -> 673023
	673591
	673545 -> 673591
	675058
	673591 -> 675058
	674266
	675058 -> 674266
	674217
	674266 -> 674217
	674375
	674266 -> 674375
	674551
	674375 -> 674551
	674647
	674551 -> 674647
	676232
	675138 -> 676232
	675382
	676232 -> 675382
	675150
	675382 -> 675150
	675342
	675150 -> 675342
	675601
	675382 -> 675601
	675612
	675601 -> 675612
	680026
	676232 -> 680026
	677291
	680026 -> 677291
	676728
	677291 -> 676728
	676472
	676728 -> 676472
	677144
	676728 -> 677144
	679391
	677291 -> 679391
	678123
	679391 -> 678123
	677443
	678123 -> 677443
	679827
	679391 -> 679827
	679880
	679827 -> 679880
	679986
	679880 -> 679986
	680094
	680026 -> 680094
	680230
	680094 -> 680230
	680528
	680230 -> 680528
	680957
	680528 -> 680957
	681159
	680957 -> 681159
	686164
	681695 -> 686164
	685905
	686164 -> 685905
	685858
	685905 -> 685858
	682629
	685858 -> 682629
	681779
	682629 -> 681779
	683955
	682629 -> 683955
	682853
	683955 -> 682853
	683888
	682853 -> 683888
	684563
	683955 -> 684563
	684975
	684563 -> 684975
	685891
	685858 -> 685891
	685907
	685905 -> 685907
	690968
	686164 -> 690968
	687551
	690968 -> 687551
	687114
	687551 -> 687114
	686612
	687114 -> 686612
	688100
	687551 -> 688100
	687902
	688100 -> 687902
	687816
	687902 -> 687816
	689856
	688100 -> 689856
	688494
	689856 -> 688494
	690533
	689856 -> 690533
	691715
	690968 -> 691715
	691980
	691950 -> 691980
	695444
	691980 -> 695444
	693676
	695444 -> 693676
	692266
	693676 -> 692266
	692737
	692266 -> 692737
	692717
	692737 -> 692717
	692566
	692717 -> 692566
	693155
	692737 -> 693155
	693401
	693155 -> 693401
	693368
	693401 -> 693368
	693390
	693368 -> 693390
	694397
	693676 -> 694397
	694345
	694397 -> 694345
	694019
	694345 -> 694019
	694157
	694019 -> 694157
	694569
	694397 -> 694569
	694445
	694569 -> 694445
	694771
	694569 -> 694771
	694737
	694771 -> 694737
	695378
	694771 -> 695378
	695242
	695378 -> 695242
	695748
	695444 -> 695748
	695455
	695748 -> 695455
	695577
	695455 -> 695577
	696101
	695748 -> 696101
	806811
	696988 -> 806811
	703990
	806811 -> 703990
	697021
	703990 -> 697021
	700540
	697021 -> 700540
	698508
	700540 -> 698508
	697356
	698508 -> 697356
	697339
	697356 -> 697339
	697954
	697356 -> 697954
	698231
	697954 -> 698231
	698909
	698508 -> 698909
	698733
	698909 -> 698733
	699815
	698909 -> 699815
	699261
	699815 -> 699261
	700319
	699815 -> 700319
	702041
	700540 -> 702041
	701678
	702041 -> 701678
	701386
	701678 -> 701386
	701638
	701386 -> 701638
	701777
	701678 -> 701777
	702316
	702041 -> 702316
	702194
	702316 -> 702194
	703146
	702316 -> 703146
	703484
	703146 -> 703484
	703944
	703484 -> 703944
	703854
	703944 -> 703854
	754933
	703990 -> 754933
	708667
	754933 -> 708667
	706959
	708667 -> 706959
	704954
	706959 -> 704954
	704945
	704954 -> 704945
	704436
	704945 -> 704436
	704431
	704436 -> 704431
	704703
	704436 -> 704703
	705690
	704954 -> 705690
	705256
	705690 -> 705256
	705477
	705256 -> 705477
	706851
	705690 -> 706851
	706820
	706851 -> 706820
	707556
	706959 -> 707556
	707327
	707556 -> 707327
	707316
	707327 -> 707316
	707071
	707316 -> 707071
	707485
	707327 -> 707485
	707912
	707556 -> 707912
	707830
	707912 -> 707830
	708622
	707912 -> 708622
	740749
	708667 -> 740749
	723126
	740749 -> 723126
	722093
	723126 -> 722093
	720970
	722093 -> 720970
	718151
	720970 -> 718151
	708679
	718151 -> 708679
	715492
	708679 -> 715492
	712941
	715492 -> 712941
	710058
	712941 -> 710058
	709887
	710058 -> 709887
	708990
	709887 -> 708990
	712536
	710058 -> 712536
	710178
	712536 -> 710178
	710886
	710178 -> 710886
	710373
	710886 -> 710373
	710823
	710373 -> 710823
	710551
	710823 -> 710551
	713513
	712941 -> 713513
	713391
	713513 -> 713391
	714287
	713513 -> 714287
	715328
	714287 -> 715328
	714623
	715328 -> 714623
	714323
	714623 -> 714323
	714649
	714623 -> 714649
	714915
	714649 -> 714915
	715413
	715328 -> 715413
	715384
	715413 -> 715384
	717957
	715492 -> 717957
	716714
	717957 -> 716714
	715578
	716714 -> 715578
	715503
	715578 -> 715503
	716060
	715578 -> 716060
	716572
	716060 -> 716572
	716488
	716572 -> 716488
	716608
	716572 -> 716608
	718943
	718151 -> 718943
	718939
	718943 -> 718939
	718342
	718939 -> 718342
	718776
	718342 -> 718776
	720067
	718943 -> 720067
	720735
	720067 -> 720735
	720524
	720735 -> 720524
	720604
	720524 -> 720604
	721406
	720970 -> 721406
	720995
	721406 -> 720995
	721504
	721406 -> 721504
	721490
	721504 -> 721490
	721815
	721504 -> 721815
	722631
	722093 -> 722631
	722156
	722631 -> 722156
	722109
	722156 -> 722109
	723107
	722631 -> 723107
	736526
	723126 -> 736526
	727015
	736526 -> 727015
	724142
	727015 -> 724142
	724141
	724142 -> 724141
	723485
	724141 -> 723485
	723271
	723485 -> 723271
	724114
	723485 -> 724114
	723833
	724114 -> 723833
	723732
	723833 -> 723732
	724042
	723833 -> 724042
	726981
	724142 -> 726981
	724786
	726981 -> 724786
	724552
	724786 -> 724552
	724494
	724552 -> 724494
	724280
	724494 -> 724280
	724562
	724552 -> 724562
	724630
	724562 -> 724630
	725166
	724786 -> 725166
	724895
	725166 -> 724895
	726369
	725166 -> 726369
	726296
	726369 -> 726296
	730006
	727015 -> 730006
	729638
	730006 -> 729638
	727153
	729638 -> 727153
	727175
	727153 -> 727175
	728037
	727175 -> 728037
	729073
	728037 -> 729073
	728555
	729073 -> 728555
	735691
	730006 -> 735691
	732557
	735691 -> 732557
	732188
	732557 -> 732188
	730805
	732188 -> 730805
	731780
	730805 -> 731780
	731673
	731780 -> 731673
	734279
	732557 -> 734279
	734179
	734279 -> 734179
	732909
	734179 -> 732909
	733576
	732909 -> 733576
	733323
	733576 -> 733323
	733227
	733323 -> 733227
	733655
	733576 -> 733655
	734024
	733655 -> 734024
	734157
	734024 -> 734157
	734160
	734157 -> 734160
	735141
	734279 -> 735141
	735198
	735141 -> 735198
	735624
	735198 -> 735624
	736085
	735691 -> 736085
	735915
	736085 -> 735915
	735855
	735915 -> 735855
	736451
	736085 -> 736451
	740174
	736526 -> 740174
	737012
	740174 -> 737012
	736565
	737012 -> 736565
	739866
	737012 -> 739866
	739124
	739866 -> 739124
	737836
	739124 -> 737836
	739512
	739124 -> 739512
	739564
	739512 -> 739564
	739919
	739866 -> 739919
	739911
	739919 -> 739911
	740712
	740174 -> 740712
	752784
	740749 -> 752784
	749753
	752784 -> 749753
	743960
	749753 -> 743960
	741910
	743960 -> 741910
	741773
	741910 -> 741773
	741681
	741773 -> 741681
	741623
	741681 -> 741623
	741293
	741623 -> 741293
	741641
	741623 -> 741641
	741742
	741681 -> 741742
	743948
	741910 -> 743948
	742878
	743948 -> 742878
	742683
	742878 -> 742683
	742550
	742683 -> 742550
	741950
	742550 -> 741950
	742750
	742683 -> 742750
	742988
	742878 -> 742988
	743329
	742988 -> 743329
	746332
	743960 -> 746332
	746036
	746332 -> 746036
	744464
	746036 -> 744464
	744583
	744464 -> 744583
	746134
	746036 -> 746134
	748462
	746332 -> 748462
	747905
	748462 -> 747905
	747717
	747905 -> 747717
	746594
	747717 -> 746594
	746420
	746594 -> 746420
	746670
	746594 -> 746670
	748293
	747905 -> 748293
	747922
	748293 -> 747922
	748427
	748293 -> 748427
	748567
	748462 -> 748567
	748509
	748567 -> 748509
	748947
	748567 -> 748947
	748600
	748947 -> 748600
	749327
	748947 -> 749327
	749445
	749327 -> 749445
	752125
	749753 -> 752125
	749958
	752125 -> 749958
	749803
	749958 -> 749803
	750349
	749958 -> 750349
	750093
	750349 -> 750093
	750363
	750349 -> 750363
	751206
	750363 -> 751206
	750993
	751206 -> 750993
	751825
	751206 -> 751825
	752265
	752125 -> 752265
	752189
	752265 -> 752189
	752722
	752265 -> 752722
	752642
	752722 -> 752642
	753760
	752784 -> 753760
	753258
	753760 -> 753258
	753276
	753258 -> 753276
	753713
	753276 -> 753713
	753418
	753713 -> 753418
	754037
	753760 -> 754037
	754897
	754037 -> 754897
	792849
	754933 -> 792849
	757571
	792849 -> 757571
	757044
	757571 -> 757044
	756479
	757044 -> 756479
	756243
	756479 -> 756243
	755968
	756243 -> 755968
	755762
	755968 -> 755762
	755879
	755762 -> 755879
	756670
	756479 -> 756670
	756655
	756670 -> 756655
	756629
	756655 -> 756629
	776293
	757571 -> 776293
	767577
	776293 -> 767577
	762688
	767577 -> 762688
	762674
	762688 -> 762674
	762282
	762674 -> 762282
	759469
	762282 -> 759469
	758107
	759469 -> 758107
	757956
	758107 -> 757956
	758670
	758107 -> 758670
	759429
	758670 -> 759429
	758712
	759429 -> 758712
	759937
	759469 -> 759937
	760144
	759937 -> 760144
	762111
	760144 -> 762111
	761868
	762111 -> 761868
	760703
	761868 -> 760703
	762163
	762111 -> 762163
	762620
	762282 -> 762620
	762447
	762620 -> 762447
	762338
	762447 -> 762338
	766408
	762688 -> 766408
	765072
	766408 -> 765072
	764153
	765072 -> 764153
	763814
	764153 -> 763814
	763528
	763814 -> 763528
	762733
	763528 -> 762733
	762744
	762733 -> 762744
	764299
	764153 -> 764299
	764354
	764299 -> 764354
	764436
	764354 -> 764436
	766200
	765072 -> 766200
	766103
	766200 -> 766103
	765130
	766103 -> 765130
	767138
	766408 -> 767138
	766813
	767138 -> 766813
	766535
	766813 -> 766535
	767067
	766813 -> 767067
	767377
	767138 -> 767377
	767520
	767377 -> 767520
	775750
	767577 -> 775750
	774289
	775750 -> 774289
	769710
	774289 -> 769710
	767896
	769710 -> 767896
	769626
	767896 -> 769626
	768348
	769626 -> 768348
	769389
	768348 -> 769389
	769637
	769626 -> 769637
	772573
	769710 -> 772573
	769855
	772573 -> 769855
	771280
	769855 -> 771280
	770761
	771280 -> 770761
	772679
	772573 -> 772679
	773109
	772679 -> 773109
	772980
	773109 -> 772980
	772955
	772980 -> 772955
	773885
	773109 -> 773885
	773879
	773885 -> 773879
	773639
	773879 -> 773639
	775190
	774289 -> 775190
	774919
	775190 -> 774919
	774800
	774919 -> 774800
	774509
	774800 -> 774509
	775296
	775190 -> 775296
	775331
	775296 -> 775331
	775652
	775331 -> 775652
	776118
	775750 -> 776118
	787852
	776293 -> 787852
	785915
	787852 -> 785915
	780515
	785915 -> 780515
	777467
	780515 -> 777467
	776604
	777467 -> 776604
	777169
	776604 -> 777169
	776748
	777169 -> 776748
	779849
	777467 -> 779849
	779334
	779849 -> 779334
	777690
	779334 -> 777690
	778799
	777690 -> 778799
	778060
	778799 -> 778060
	778473
	778060 -> 778473
	778159
	778473 -> 778159
	778650
	778473 -> 778650
	778909
	778799 -> 778909
	779702
	779334 -> 779702
	779382
	779702 -> 779382
	779756
	779702 -> 779756
	779862
	779849 -> 779862
	780511
	779862 -> 780511
	780102
	780511 -> 780102
	783915
	780515 -> 783915
	781219
	783915 -> 781219
	780876
	781219 -> 780876
	780640
	780876 -> 780640
	780956
	780876 -> 780956
	781210
	780956 -> 781210
	781008
	781210 -> 781008
	780969
	781008 -> 780969
	781855
	781219 -> 781855
	781412
	781855 -> 781412
	781252
	781412 -> 781252
	781561
	781412 -> 781561
	782736
	781855 -> 782736
	782193
	782736 -> 782193
	782051
	782193 -> 782051
	782402
	782193 -> 782402
	783030
	782736 -> 783030
	783363
	783030 -> 783363
	783315
	783363 -> 783315
	784421
	783915 -> 784421
	784813
	784421 -> 784813
	784438
	784813 -> 784438
	785575
	784813 -> 785575
	785056
	785575 -> 785056
	785091
	785056 -> 785091
	785843
	785575 -> 785843
	786621
	785915 -> 786621
	786185
	786621 -> 786185
	786592
	786185 -> 786592
	786368
	786592 -> 786368
	786269
	786368 -> 786269
	787541
	786621 -> 787541
	786991
	787541 -> 786991
	786970
	786991 -> 786970
	787111
	786991 -> 787111
	787754
	787541 -> 787754
	791292
	787852 -> 791292
	789712
	791292 -> 789712
	789528
	789712 -> 789528
	789344
	789528 -> 789344
	788343
	789344 -> 788343
	789659
	789528 -> 789659
	790643
	789712 -> 790643
	790709
	790643 -> 790709
	791577
	791292 -> 791577
	792365
	791577 -> 792365
	792278
	792365 -> 792278
	798477
	792849 -> 798477
	797834
	798477 -> 797834
	794150
	797834 -> 794150
	793946
	794150 -> 793946
	793869
	793946 -> 793869
	794765
	794150 -> 794765
	794259
	794765 -> 794259
	796045
	794765 -> 796045
	796019
	796045 -> 796019
	795834
	796019 -> 795834
	795438
	795834 -> 795438
	795913
	795834 -> 795913
	795868
	795913 -> 795868
	796660
	796045 -> 796660
	796585
	796660 -> 796585
	797699
	796660 -> 797699
	796760
	797699 -> 796760
	797736
	797699 -> 797736
	798306
	797834 -> 798306
	798072
	798306 -> 798072
	799054
	798477 -> 799054
	798695
	799054 -> 798695
	798637
	798695 -> 798637
	802423
	799054 -> 802423
	799695
	802423 -> 799695
	799683
	799695 -> 799683
	800836
	799695 -> 800836
	800418
	800836 -> 800418
	800407
	800418 -> 800407
	799754
	800407 -> 799754
	800044
	799754 -> 800044
	800557
	800418 -> 800557
	800585
	800557 -> 800585
	801571
	800836 -> 801571
	802245
	801571 -> 802245
	801897
	802245 -> 801897
	801678
	801897 -> 801678
	802033
	801897 -> 802033
	804537
	802423 -> 804537
	803240
	804537 -> 803240
	802574
	803240 -> 802574
	804453
	803240 -> 804453
	803924
	804453 -> 803924
	803759
	803924 -> 803759
	806153
	804537 -> 806153
	804880
	806153 -> 804880
	805186
	804880 -> 805186
	805380
	805186 -> 805380
	806229
	806153 -> 806229
	806472
	806229 -> 806472
	806463
	806472 -> 806463
	806676
	806472 -> 806676
	817592
	806811 -> 817592
	813124
	817592 -> 813124
	811046
	813124 -> 811046
	809527
	811046 -> 809527
	807004
	809527 -> 807004
	806884
	807004 -> 806884
	807126
	807004 -> 807126
	809420
	807126 -> 809420
	807387
	809420 -> 807387
	807293
	807387 -> 807293
	810157
	809527 -> 810157
	809955
	810157 -> 809955
	810957
	810157 -> 810957
	811403
	811046 -> 811403
	811955
	811403 -> 811955
	811811
	811955 -> 811811
	814996
	813124 -> 814996
	813521
	814996 -> 813521
	814041
	813521 -> 814041
	813943
	814041 -> 813943
	814351
	814041 -> 814351
	816565
	814996 -> 816565
	816315
	816565 -> 816315
	815394
	816315 -> 815394
	816066
	815394 -> 816066
	816136
	816066 -> 816136
	816477
	816315 -> 816477
	816317
	816477 -> 816317
	816813
	816565 -> 816813
	817158
	816813 -> 817158
	820307
	817592 -> 820307
	819017
	820307 -> 819017
	818494
	819017 -> 818494
	818150
	818494 -> 818150
	818040
	818150 -> 818040
	818447
	818150 -> 818447
	818665
	818494 -> 818665
	819206
	819017 -> 819206
	819557
	819206 -> 819557
	820465
	820307 -> 820465
	820461
	820465 -> 820461
	820376
	820461 -> 820376
	821197
	820465 -> 821197
	823346
	821267 -> 823346
	822598
	823346 -> 822598
	821845
	822598 -> 821845
	821383
	821845 -> 821383
	822225
	821845 -> 822225
	822496
	822225 -> 822496
	823119
	822598 -> 823119
	823065
	823119 -> 823065
	823956
	823346 -> 823956
	823556
	823956 -> 823556
	823840
	823556 -> 823840
	875853
	824033 -> 875853
	843296
	875853 -> 843296
	825752
	843296 -> 825752
	824573
	825752 -> 824573
	824569
	824573 -> 824569
	824992
	824573 -> 824992
	824843
	824992 -> 824843
	824931
	824843 -> 824931
	824875
	824931 -> 824875
	825211
	824992 -> 825211
	825521
	825211 -> 825521
	825745
	825521 -> 825745
	829910
	825752 -> 829910
	826718
	829910 -> 826718
	825969
	826718 -> 825969
	825777
	825969 -> 825777
	826228
	825969 -> 826228
	827038
	826718 -> 827038
	826984
	827038 -> 826984
	827037
	826984 -> 827037
	827029
	827037 -> 827029
	829289
	827038 -> 829289
	828003
	829289 -> 828003
	828807
	828003 -> 828807
	828188
	828807 -> 828188
	828189
	828188 -> 828189
	828524
	828189 -> 828524
	829240
	828807 -> 829240
	830881
	829910 -> 830881
	829978
	830881 -> 829978
	834885
	830881 -> 834885
	831915
	834885 -> 831915
	831338
	831915 -> 831338
	830924
	831338 -> 830924
	831859
	831338 -> 831859
	833631
	831915 -> 833631
	832819
	833631 -> 832819
	832746
	832819 -> 832746
	832160
	832746 -> 832160
	833382
	832819 -> 833382
	834717
	833631 -> 834717
	834007
	834717 -> 834007
	839220
	834885 -> 839220
	836021
	839220 -> 836021
	835609
	836021 -> 835609
	835369
	835609 -> 835369
	835017
	835369 -> 835017
	839062
	836021 -> 839062
	837880
	839062 -> 837880
	836434
	837880 -> 836434
	836391
	836434 -> 836391
	836890
	836434 -> 836890
	838832
	837880 -> 838832
	838681
	838832 -> 838681
	840807
	839220 -> 840807
	840045
	840807 -> 840045
	839439
	840045 -> 839439
	841541
	840807 -> 841541
	840990
	841541 -> 840990
	841284
	840990 -> 841284
	842076
	841541 -> 842076
	842068
	842076 -> 842068
	843075
	842076 -> 843075
	842231
	843075 -> 842231
	851880
	843296 -> 851880
	844209
	851880 -> 844209
	843519
	844209 -> 843519
	843493
	843519 -> 843493
	843772
	843519 -> 843772
	850458
	844209 -> 850458
	849863
	850458 -> 849863
	846283
	849863 -> 846283
	844661
	846283 -> 844661
	844341
	844661 -> 844341
	844366
	844341 -> 844366
	845320
	844661 -> 845320
	845272
	845320 -> 845272
	844821
	845272 -> 844821
	845299
	845272 -> 845299
	846166
	845320 -> 846166
	845522
	846166 -> 845522
	845494
	845522 -> 845494
	849669
	846283 -> 849669
	848844
	849669 -> 848844
	847925
	848844 -> 847925
	848447
	847925 -> 848447
	848983
	848844 -> 848983
	849328
	848983 -> 849328
	849761
	849669 -> 849761
	850075
	849863 -> 850075
	849937
	850075 -> 849937
	850021
	849937 -> 850021
	850016
	850021 -> 850016
	850692
	850458 -> 850692
	850669
	850692 -> 850669
	851694
	850692 -> 851694
	851055
	851694 -> 851055
	851738
	851694 -> 851738
	851815
	851738 -> 851815
	873342
	851880 -> 873342
	860932
	873342 -> 860932
	857443
	860932 -> 857443
	853620
	857443 -> 853620
	853335
	853620 -> 853335
	852478
	853335 -> 852478
	852457
	852478 -> 852457
	853314
	852478 -> 853314
	852767
	853314 -> 852767
	854825
	853620 -> 854825
	853855
	854825 -> 853855
	853928
	853855 -> 853928
	855895
	854825 -> 855895
	855262
	855895 -> 855262
	856046
	855895 -> 856046
	857229
	856046 -> 857229
	856323
	857229 -> 856323
	856466
	856323 -> 856466
	857285
	857229 -> 857285
	859809
	857443 -> 859809
	859370
	859809 -> 859370
	858225
	859370 -> 858225
	857513
	858225 -> 857513
	857457
	857513 -> 857457
	857875
	857513 -> 857875
	857518
	857875 -> 857518
	858227
	858225 -> 858227
	858305
	858227 -> 858305
	859758
	859370 -> 859758
	860852
	859809 -> 860852
	860154
	860852 -> 860154
	866816
	860932 -> 866816
	861798
	866816 -> 861798
	861227
	861798 -> 861227
	861635
	861227 -> 861635
	865223
	861798 -> 865223
	864989
	865223 -> 864989
	863030
	864989 -> 863030
	862046
	863030 -> 862046
	862734
	862046 -> 862734
	862147
	862734 -> 862147
	864608
	863030 -> 864608
	863039
	864608 -> 863039
	863823
	863039 -> 863823
	864812
	864608 -> 864812
	864646
	864812 -> 864646
	865102
	864989 -> 865102
	865918
	865223 -> 865918
	865456
	865918 -> 865456
	872266
	866816 -> 872266
	871178
	872266 -> 871178
	870649
	871178 -> 870649
	868173
	870649 -> 868173
	867480
	868173 -> 867480
	867051
	867480 -> 867051
	866971
	867051 -> 866971
	866983
	866971 -> 866983
	867169
	867051 -> 867169
	867452
	867169 -> 867452
	867535
	867480 -> 867535
	867903
	867535 -> 867903
	869249
	868173 -> 869249
	868298
	869249 -> 868298
	869212
	868298 -> 869212
	869087
	869212 -> 869087
	868788
	869087 -> 868788
	869056
	868788 -> 869056
	869466
	869249 -> 869466
	869293
	869466 -> 869293
	869784
	869466 -> 869784
	869690
	869784 -> 869690
	869795
	869784 -> 869795
	869828
	869795 -> 869828
	869972
	869828 -> 869972
	870810
	870649 -> 870810
	870673
	870810 -> 870673
	871133
	870810 -> 871133
	871463
	871178 -> 871463
	871452
	871463 -> 871452
	871219
	871452 -> 871219
	871859
	871463 -> 871859
	871785
	871859 -> 871785
	872758
	872266 -> 872758
	872980
	872758 -> 872980
	875021
	873342 -> 875021
	873945
	875021 -> 873945
	873650
	873945 -> 873650
	873585
	873650 -> 873585
	874040
	873945 -> 874040
	874564
	874040 -> 874564
	875525
	875021 -> 875525
	875302
	875525 -> 875302
	875128
	875302 -> 875128
	875792
	875525 -> 875792
	946445
	875853 -> 946445
	918572
	946445 -> 918572
	905404
	918572 -> 905404
	895489
	905404 -> 895489
	890567
	895489 -> 890567
	878295
	890567 -> 878295
	876939
	878295 -> 876939
	876031
	876939 -> 876031
	875883
	876031 -> 875883
	875908
	875883 -> 875908
	876039
	876031 -> 876039
	876046
	876039 -> 876046
	877967
	876939 -> 877967
	877910
	877967 -> 877910
	877650
	877910 -> 877650
	886696
	878295 -> 886696
	884414
	886696 -> 884414
	879733
	884414 -> 879733
	878998
	879733 -> 878998
	878439
	878998 -> 878439
	879185
	878998 -> 879185
	879605
	879185 -> 879605
	879464
	879605 -> 879464
	879701
	879605 -> 879701
	879739
	879733 -> 879739
	882113
	879739 -> 882113
	880762
	882113 -> 880762
	879779
	880762 -> 879779
	881173
	880762 -> 881173
	882093
	881173 -> 882093
	881241
	882093 -> 881241
	881659
	881241 -> 881659
	883379
	882113 -> 883379
	882943
	883379 -> 882943
	883964
	883379 -> 883964
	883423
	883964 -> 883423
	884452
	884414 -> 884452
	886427
	884452 -> 886427
	889264
	886696 -> 889264
	888869
	889264 -> 888869
	887189
	888869 -> 887189
	886941
	887189 -> 886941
	886890
	886941 -> 886890
	887052
	886941 -> 887052
	886943
	887052 -> 886943
	888384
	887189 -> 888384
	887885
	888384 -> 887885
	887214
	887885 -> 887214
	887757
	887214 -> 887757
	888085
	887885 -> 888085
	888786
	888384 -> 888786
	889166
	888869 -> 889166
	889163
	889166 -> 889163
	889740
	889264 -> 889740
	889756
	889740 -> 889756
	890276
	889756 -> 890276
	889924
	890276 -> 889924
	893028
	890567 -> 893028
	892033
	893028 -> 892033
	891975
	892033 -> 891975
	890603
	891975 -> 890603
	891144
	890603 -> 891144
	891345
	891144 -> 891345
	892028
	891975 -> 892028
	892313
	892033 -> 892313
	892125
	892313 -> 892125
	892067
	892125 -> 892067
	892185
	892125 -> 892185
	892141
	892185 -> 892141
	892883
	892313 -> 892883
	892709
	892883 -> 892709
	892665
	892709 -> 892665
	892456
	892665 -> 892456
	892597
	892456 -> 892597
	892844
	892709 -> 892844
	894062
	893028 -> 894062
	893673
	894062 -> 893673
	893341
	893673 -> 893341
	894752
	894062 -> 894752
	894747
	894752 -> 894747
	894078
	894747 -> 894078
	895483
	894752 -> 895483
	895080
	895483 -> 895080
	897552
	895489 -> 897552
	896791
	897552 -> 896791
	895648
	896791 -> 895648
	895490
	895648 -> 895490
	896427
	895648 -> 896427
	896316
	896427 -> 896316
	895900
	896316 -> 895900
	895681
	895900 -> 895681
	896057
	895900 -> 896057
	896392
	896316 -> 896392
	896510
	896427 -> 896510
	896476
	896510 -> 896476
	897270
	896791 -> 897270
	897319
	897270 -> 897319
	905240
	897552 -> 905240
	897666
	905240 -> 897666
	903042
	897666 -> 903042
	899349
	903042 -> 899349
	898922
	899349 -> 898922
	898378
	898922 -> 898378
	898123
	898378 -> 898123
	898070
	898123 -> 898070
	897719
	898070 -> 897719
	897727
	897719 -> 897727
	897930
	897727 -> 897930
	898508
	898378 -> 898508
	898752
	898508 -> 898752
	899296
	898922 -> 899296
	901205
	899349 -> 901205
	901151
	901205 -> 901151
	900951
	901151 -> 900951
	900333
	900951 -> 900333
	899399
	900333 -> 899399
	899353
	899399 -> 899353
	901028
	900951 -> 901028
	902536
	901205 -> 902536
	902457
	902536 -> 902457
	901989
	902457 -> 901989
	901835
	901989 -> 901835
	901480
	901835 -> 901480
	902168
	901989 -> 902168
	902009
	902168 -> 902009
	902250
	902168 -> 902250
	902869
	902536 -> 902869
	902675
	902869 -> 902675
	904200
	903042 -> 904200
	904012
	904200 -> 904012
	903758
	904012 -> 903758
	903334
	903758 -> 903334
	903767
	903758 -> 903767
	905075
	904200 -> 905075
	905067
	905075 -> 905067
	904213
	905067 -> 904213
	905013
	904213 -> 905013
	905390
	905240 -> 905390
	917439
	905404 -> 917439
	907655
	917439 -> 907655
	905588
	907655 -> 905588
	906907
	905588 -> 906907
	906879
	906907 -> 906879
	905790
	906879 -> 905790
	906080
	905790 -> 906080
	905848
	906080 -> 905848
	907423
	906907 -> 907423
	909777
	907655 -> 909777
	909331
	909777 -> 909331
	908673
	909331 -> 908673
	908624
	908673 -> 908624
	907818
	908624 -> 907818
	908024
	907818 -> 908024
	909376
	909331 -> 909376
	913163
	909777 -> 913163
	912899
	913163 -> 912899
	910144
	912899 -> 910144
	910117
	910144 -> 910117
	910955
	910144 -> 910955
	910467
	910955 -> 910467
	910393
	910467 -> 910393
	910440
	910393 -> 910440
	911151
	910955 -> 911151
	912731
	911151 -> 912731
	912273
	912731 -> 912273
	911465
	912273 -> 911465
	915361
	913163 -> 915361
	914394
	915361 -> 914394
	913805
	914394 -> 913805
	913333
	913805 -> 913333
	913687
	913333 -> 913687
	914249
	913805 -> 914249
	914415
	914394 -> 914415
	914870
	914415 -> 914870
	916439
	915361 -> 916439
	916372
	916439 -> 916372
	915868
	916372 -> 915868
	916035
	915868 -> 916035
	916067
	916035 -> 916067
	918520
	917439 -> 918520
	917891
	918520 -> 917891
	917961
	917891 -> 917961
	918293
	917961 -> 918293
	922249
	918572 -> 922249
	919633
	922249 -> 919633
	919382
	919633 -> 919382
	918633
	919382 -> 918633
	919060
	918633 -> 919060
	918758
	919060 -> 918758
	919210
	919060 -> 919210
	919516
	919382 -> 919516
	921813
	919633 -> 921813
	921401
	921813 -> 921401
	920229
	921401 -> 920229
	920051
	920229 -> 920051
	921163
	920229 -> 921163
	921382
	921163 -> 921382
	921472
	921401 -> 921472
	921789
	921472 -> 921789
	921897
	921813 -> 921897
	926037
	922249 -> 926037
	925517
	926037 -> 925517
	922843
	925517 -> 922843
	924479
	922843 -> 924479
	923043
	924479 -> 923043
	923042
	923043 -> 923042
	922911
	923042 -> 922911
	922946
	922911 -> 922946
	923639
	923043 -> 923639
	923459
	923639 -> 923459
	923049
	923459 -> 923049
	924125
	923639 -> 924125
	923682
	924125 -> 923682
	925239
	924479 -> 925239
	924525
	925239 -> 924525
	924520
	924525 -> 924520
	924517
	924520 -> 924517
	925133
	924525 -> 925133
	924621
	925133 -> 924621
	925159
	925133 -> 925159
	925400
	925239 -> 925400
	925721
	925517 -> 925721
	925775
	925721 -> 925775
	925959
	925775 -> 925959
	925841
	925959 -> 925841
	936061
	926037 -> 936061
	932488
	936061 -> 932488
	927397
	932488 -> 927397
	926889
	927397 -> 926889
	926863
	926889 -> 926863
	926166
	926863 -> 926166
	926621
	926166 -> 926621
	926873
	926863 -> 926873
	927232
	926889 -> 927232
	929275
	927397 -> 929275
	929098
	929275 -> 929098
	928992
	929098 -> 928992
	928311
	928992 -> 928311
	927993
	928311 -> 927993
	929329
	929275 -> 929329
	932486
	929329 -> 932486
	931650
	932486 -> 931650
	930317
	931650 -> 930317
	930197
	930317 -> 930197
	930812
	930317 -> 930812
	930347
	930812 -> 930347
	930587
	930347 -> 930587
	932435
	931650 -> 932435
	933176
	932488 -> 933176
	933025
	933176 -> 933025
	933050
	933025 -> 933050
	935533
	933176 -> 935533
	935433
	935533 -> 935433
	934887
	935433 -> 934887
	933974
	934887 -> 933974
	934470
	933974 -> 934470
	935317
	934887 -> 935317
	935358
	935317 -> 935358
	935986
	935533 -> 935986
	936017
	935986 -> 936017
	939593
	936061 -> 939593
	939055
	939593 -> 939055
	936869
	939055 -> 936869
	936727
	936869 -> 936727
	937011
	936869 -> 937011
	938473
	937011 -> 938473
	937534
	938473 -> 937534
	938507
	938473 -> 938507
	938725
	938507 -> 938725
	939280
	939055 -> 939280
	939251
	939280 -> 939251
	939175
	939251 -> 939175
	939290
	939280 -> 939290
	941624
	939593 -> 941624
	940011
	941624 -> 940011
	941029
	940011 -> 941029
	941596
	941029 -> 941596
	941335
	941596 -> 941335
	941881
	941624 -> 941881
	942587
	941881 -> 942587
	942236
	942587 -> 942236
	941989
	942236 -> 941989
	942217
	941989 -> 942217
	942095
	942217 -> 942095
	943066
	942587 -> 943066
	942765
	943066 -> 942765
	946297
	943066 -> 946297
	945650
	946297 -> 945650
	944818
	945650 -> 944818
	944614
	944818 -> 944614
	944464
	944614 -> 944464
	944081
	944464 -> 944081
	945308
	944818 -> 945308
	945909
	945650 -> 945909
	945692
	945909 -> 945692
	983261
	946445 -> 983261
	975180
	983261 -> 975180
	970848
	975180 -> 970848
	969038
	970848 -> 969038
	947521
	969038 -> 947521
	946885
	947521 -> 946885
	946572
	946885 -> 946572
	946528
	946572 -> 946528
	956081
	947521 -> 956081
	950886
	956081 -> 950886
	948171
	950886 -> 948171
	947787
	948171 -> 947787
	949276
	948171 -> 949276
	949195
	949276 -> 949195
	948640
	949195 -> 948640
	948590
	948640 -> 948590
	949124
	948640 -> 949124
	949005
	949124 -> 949005
	949034
	949005 -> 949034
	949656
	949276 -> 949656
	952109
	950886 -> 952109
	951539
	952109 -> 951539
	951073
	951539 -> 951073
	951364
	951073 -> 951364
	951895
	951539 -> 951895
	951671
	951895 -> 951671
	952015
	951895 -> 952015
	953310
	952109 -> 953310
	953101
	953310 -> 953101
	953264
	953101 -> 953264
	954988
	953310 -> 954988
	953807
	954988 -> 953807
	953724
	953807 -> 953724
	953361
	953724 -> 953361
	954368
	953807 -> 954368
	955131
	954988 -> 955131
	955057
	955131 -> 955057
	955317
	955131 -> 955317
	957597
	956081 -> 957597
	956972
	957597 -> 956972
	956563
	956972 -> 956563
	956445
	956563 -> 956445
	956923
	956563 -> 956923
	956570
	956923 -> 956570
	957568
	956972 -> 957568
	957541
	957568 -> 957541
	959731
	957597 -> 959731
	957638
	959731 -> 957638
	959577
	957638 -> 959577
	958254
	959577 -> 958254
	958492
	958254 -> 958492
	959602
	959577 -> 959602
	966500
	959731 -> 966500
	961567
	966500 -> 961567
	960685
	961567 -> 960685
	959798
	960685 -> 959798
	960254
	959798 -> 960254
	960884
	960685 -> 960884
	961268
	960884 -> 961268
	962983
	961567 -> 962983
	962599
	962983 -> 962599
	962387
	962599 -> 962387
	961958
	962387 -> 961958
	962500
	962387 -> 962500
	963949
	962983 -> 963949
	963595
	963949 -> 963595
	963261
	963595 -> 963261
	965499
	963949 -> 965499
	964582
	965499 -> 964582
	964230
	964582 -> 964230
	965367
	964582 -> 965367
	965228
	965367 -> 965228
	964598
	965228 -> 964598
	968105
	966500 -> 968105
	967269
	968105 -> 967269
	967942
	967269 -> 967942
	968302
	968105 -> 968302
	968136
	968302 -> 968136
	968760
	968302 -> 968760
	970461
	969038 -> 970461
	969473
	970461 -> 969473
	969211
	969473 -> 969211
	969918
	969473 -> 969918
	970498
	970461 -> 970498
	970475
	970498 -> 970475
	970517
	970498 -> 970517
	971355
	970848 -> 971355
	971251
	971355 -> 971251
	971541
	971355 -> 971541
	974494
	971541 -> 974494
	972114
	974494 -> 972114
	971992
	972114 -> 971992
	971978
	971992 -> 971978
	973831
	972114 -> 973831
	972152
	973831 -> 972152
	982865
	975180 -> 982865
	981134
	982865 -> 981134
	976547
	981134 -> 976547
	975215
	976547 -> 975215
	975574
	975215 -> 975574
	975408
	975574 -> 975408
	975612
	975574 -> 975612
	979445
	976547 -> 979445
	979206
	979445 -> 979206
	977333
	979206 -> 977333
	977187
	977333 -> 977187
	977521
	977333 -> 977521
	977379
	977521 -> 977379
	977484
	977379 -> 977484
	977914
	977521 -> 977914
	979262
	979206 -> 979262
	980181
	979445 -> 980181
	979592
	980181 -> 979592
	979473
	979592 -> 979473
	979466
	979473 -> 979466
	979881
	979592 -> 979881
	979671
	979881 -> 979671
	980061
	979881 -> 980061
	980238
	980181 -> 980238
	980449
	980238 -> 980449
	980261
	980449 -> 980261
	981132
	980449 -> 981132
	981443
	981134 -> 981443
	981332
	981443 -> 981332
	981503
	981443 -> 981503
	981498
	981503 -> 981498
	982960
	982865 -> 982960
	983159
	982960 -> 983159
	989944
	983261 -> 989944
	983878
	989944 -> 983878
	983470
	983878 -> 983470
	983335
	983470 -> 983335
	985604
	983878 -> 985604
	984387
	985604 -> 984387
	984078
	984387 -> 984078
	985147
	984387 -> 985147
	984527
	985147 -> 984527
	984438
	984527 -> 984438
	984437
	984438 -> 984437
	984738
	984527 -> 984738
	984579
	984738 -> 984579
	985219
	985147 -> 985219
	985283
	985219 -> 985283
	985731
	985604 -> 985731
	988560
	985731 -> 988560
	986289
	988560 -> 986289
	985853
	986289 -> 985853
	985868
	985853 -> 985868
	987245
	986289 -> 987245
	986362
	987245 -> 986362
	988104
	987245 -> 988104
	987458
	988104 -> 987458
	987901
	987458 -> 987901
	987474
	987901 -> 987474
	987743
	987474 -> 987743
	988514
	988104 -> 988514
	989812
	988560 -> 989812
	997099
	989944 -> 997099
	996573
	997099 -> 996573
	994761
	996573 -> 994761
	993744
	994761 -> 993744
	992118
	993744 -> 992118
	990810
	992118 -> 990810
	990350
	990810 -> 990350
	990416
	990350 -> 990416
	990743
	990416 -> 990743
	991340
	990810 -> 991340
	991310
	991340 -> 991310
	992119
	992118 -> 992119
	992682
	992119 -> 992682
	994409
	993744 -> 994409
	996128
	994761 -> 996128
	995269
	996128 -> 995269
	995854
	995269 -> 995854
	995306
	995854 -> 995306
	996210
	996128 -> 996210
	996148
	996210 -> 996148
	996853
	996573 -> 996853
	996778
	996853 -> 996778
	998849
	997099 -> 998849
	998480
	998849 -> 998480
	997155
	998480 -> 997155
	997467
	997155 -> 997467
	997554
	997467 -> 997554
	997672
	997554 -> 997672
	998560
	998480 -> 998560
	998757
	998560 -> 998757
	999255
	998849 -> 999255
	999360
	999255 -> 999360
	999848
	999360 -> 999848
}
